Weeks CauseOfFailure.FM1 CauseOfFailure.FM2 CauseOfFailure.FM3 CauseOfFailure.FMOther WeeksInserted WeeksReturned
29.40508206 0 0 0 0 40.59491794 NA
47.73651844 0 0 0 0 22.26348156 NA
36.18390487 0 0 0 0 33.81609513 NA
50.98149589 0 0 0 0 19.01850411 NA
37.04598876 0 0 0 0 32.95401124 NA
37.5410421 0 0 0 0 32.4589579 NA
61.60258442 0 0 0 0 8.397415583 NA
43.73347628 0 0 0 0 26.26652372 NA
61.17886227 0 0 0 0 8.821137727 NA
67.13310705 0 0 0 0 2.866892947 NA
23.07414302 0 0 0 0 46.92585698 NA
41.37381413 0 0 0 0 28.62618587 NA
41.88652911 0 0 0 0 28.11347089 NA
65.31257122 0 0 0 0 4.687428777 NA
35.3704791 0 0 0 0 34.6295209 NA
53.00569651 0 0 0 0 16.99430349 NA
43.92467718 0 0 0 0 26.07532282 NA
41.88527103 0 0 0 0 28.11472897 NA
29.70440732 0 0 0 0 40.29559268 NA
0.000906369 0 0 1 0 45.66363242 45.66453879
51.55605067 0 1 0 0 6.891277176 58.44732785
47.49194818 0 0 0 0 22.50805182 NA
30.73425415 0 0 0 0 39.26574585 NA
69.55467203 0 0 0 0 0.445327966 NA
32.06936993 0 0 0 0 37.93063007 NA
24.55192457 0 0 0 0 45.44807543 NA
0.069649232 0 0 1 0 38.9162258 38.98587503
52.88711462 0 0 0 0 17.11288538 NA
0.507957988 0 0 1 0 41.80726665 42.31522464
59.90863991 0 0 0 0 10.09136009 NA
46.56376447 0 0 0 0 23.43623553 NA
58.00689945 0 0 0 0 11.99310055 NA
69.03051894 0 0 0 0 0.969481061 NA
69.83180774 0 0 0 0 0.168192259 NA
65.47665041 0 0 0 0 4.523349588 NA
24.91342893 0 0 0 0 45.08657107 NA
30.14801416 0 0 0 0 39.85198584 NA
45.74583071 0 0 0 0 24.25416929 NA
33.37591262 0 0 0 0 36.62408738 NA
68.25368501 0 0 0 0 1.746314985 NA
62.84207276 0 0 0 0 7.157927239 NA
28.89550057 0 0 0 0 41.10449943 NA
20.73895297 0 0 0 0 49.26104703 NA
36.13419014 0 0 0 0 33.86580986 NA
47.64750395 0 0 0 0 22.35249605 NA
55.90404004 0 0 0 0 14.09595996 NA
60.65584418 0 0 0 0 9.344155819 NA
64.98545169 0 0 0 0 5.014548311 NA
53.50985316 0 0 0 0 16.49014684 NA
38.2219664 0 0 0 0 31.7780336 NA
21.6243908 0 0 0 0 48.3756092 NA
60.71829217 0 0 0 0 9.281707834 NA
3.907453793 0 0 1 0 47.02157998 50.92903377
31.37333289 0 0 0 0 38.62666711 NA
0.287240437 0 0 1 0 39.82590537 40.11314581
60.6351584 0 0 0 0 9.364841599 NA
54.40225717 0 0 0 0 15.59774283 NA
31.35038557 0 0 0 0 38.64961443 NA
65.94986268 0 0 0 0 4.050137324 NA
31.3371997 0 0 0 0 38.6628003 NA
24.73156603 0 0 0 0 45.26843397 NA
7.88542674 0 1 0 0 38.62947725 46.51490399
65.5936823 0 0 0 0 4.406317696 NA
23.33436779 0 0 0 0 46.66563221 NA
36.23625937 0 0 0 0 33.76374063 NA
36.11370196 0 0 0 0 33.88629804 NA
20.84171982 0 0 0 0 49.15828018 NA
50.91882792 0 0 0 0 19.08117208 NA
39.46078124 0 0 0 0 30.53921876 NA
32.24264535 0 0 0 0 37.75735465 NA
60.02247807 0 0 0 0 9.977521934 NA
47.06335078 0 0 0 0 22.93664922 NA
44.45532399 0 0 0 0 25.54467601 NA
37.64072885 0 0 0 0 32.35927115 NA
45.65433332 0 0 0 0 24.34566668 NA
56.53736357 0 0 0 0 13.46263643 NA
35.35732649 0 0 0 0 34.64267351 NA
43.53603859 0 0 0 0 26.46396141 NA
57.97592187 0 0 0 0 12.02407813 NA
62.04915209 0 0 0 0 7.95084791 NA
33.66512303 0 0 0 0 36.33487697 NA
11.84606928 0 0 0 1 29.39127071 41.23733999
43.40378119 0 0 0 0 26.59621881 NA
34.07898098 0 0 0 0 35.92101902 NA
27.43338275 1 0 0 0 2.687230497 30.12061325
66.47952882 0 0 0 0 3.520471184 NA
25.19698196 0 0 0 0 44.80301804 NA
24.4938705 0 0 0 0 45.5061295 NA
35.18294138 0 0 0 0 34.81705862 NA
36.62878729 0 0 0 0 33.37121271 NA
54.56599435 0 0 0 0 15.43400565 NA
20.0664901 0 0 0 0 49.9335099 NA
27.67865853 0 0 0 0 42.32134147 NA
52.51867804 0 0 0 0 17.48132196 NA
20.29697338 0 0 0 0 49.70302662 NA
27.73624543 0 0 0 0 42.26375457 NA
28.54556151 0 0 0 0 41.45443849 NA
42.26192361 0 0 0 0 27.73807639 NA
35.44383434 0 0 0 0 34.55616566 NA
32.44313786 0 0 0 0 37.55686214 NA
26.48530483 0 0 0 0 43.51469517 NA
50.28428912 0 0 0 0 19.71571088 NA
23.12811428 0 0 0 0 46.87188572 NA
40.26412516 0 0 0 0 29.73587484 NA
41.06928945 0 0 0 0 28.93071055 NA
66.68869949 0 0 0 0 3.311300511 NA
46.01365711 0 0 0 0 23.98634289 NA
33.86893969 0 0 0 0 36.13106031 NA
29.3127166 0 0 0 0 40.6872834 NA
67.68715003 0 0 0 0 2.312849974 NA
65.27720837 0 0 0 0 4.722791631 NA
27.84310417 0 0 0 0 42.15689583 NA
35.11777076 0 0 0 0 34.88222924 NA
22.00599916 0 0 0 0 47.99400084 NA
44.86617725 0 0 0 0 25.13382275 NA
40.38867944 0 0 0 0 29.61132056 NA
60.59721943 0 0 0 0 9.402780572 NA
51.34997671 0 0 0 0 18.65002329 NA
21.70123029 0 0 0 0 48.29876971 NA
46.59821994 0 1 0 0 10.52440696 57.1226269
64.99360836 0 0 0 0 5.006391637 NA
44.42065752 0 0 0 0 25.57934248 NA
59.01237389 0 0 0 0 10.98762611 NA
49.93480784 0 0 0 0 20.06519216 NA
20.29975129 0 0 0 0 49.70024871 NA
52.63694911 0 0 0 0 17.36305089 NA
35.22002504 0 0 0 0 34.77997496 NA
14.23709473 0 0 1 0 28.61012558 42.84722031
29.19556717 0 0 0 0 40.80443283 NA
62.85382356 0 0 0 0 7.14617644 NA
20.22189422 0 0 0 0 49.77810578 NA
48.42479047 0 0 0 0 21.57520953 NA
64.49689023 0 0 0 0 5.503109773 NA
22.1117527 0 0 0 0 47.8882473 NA
39.54404014 0 0 0 0 30.45595986 NA
31.30700917 0 0 0 0 38.69299083 NA
33.80151643 0 0 0 0 36.19848357 NA
23.30361461 0 0 0 0 46.69638539 NA
24.85140025 0 0 0 0 45.14859975 NA
35.189299 0 0 0 0 34.810701 NA
59.7343785 0 0 0 0 10.2656215 NA
34.54820245 0 0 0 0 35.45179755 NA
52.43317681 0 0 0 0 17.56682319 NA
42.36178326 0 0 0 0 27.63821674 NA
34.75110437 0 0 0 0 35.24889563 NA
50.38108471 0 0 0 0 19.61891529 NA
31.18547136 0 0 0 0 38.81452864 NA
44.06859159 0 0 0 0 25.93140841 NA
53.53376582 0 0 0 0 16.46623418 NA
25.86450567 0 0 0 0 44.13549433 NA
33.60608438 0 0 0 0 36.39391562 NA
61.2936191 0 0 0 0 8.706380904 NA
56.34976217 0 0 0 0 13.65023783 NA
61.80181188 0 0 0 0 8.198188117 NA
60.68971516 0 0 0 0 9.310284839 NA
12.76048936 0 1 0 0 15.16931107 27.92980043
47.395061 0 0 0 0 22.604939 NA
36.89242988 0 0 0 0 33.10757012 NA
24.26541963 0 0 0 0 45.73458037 NA
27.42827539 0 0 0 0 42.57172461 NA
55.83127164 0 0 0 0 14.16872836 NA
31.86380775 0 0 0 0 38.13619225 NA
32.40272752 0 0 0 0 37.59727248 NA
63.3458517 0 0 0 0 6.654148304 NA
60.68123274 0 0 0 0 9.318767255 NA
13.59211762 0 0 0 1 32.22619222 45.81830984
44.53001433 0 0 0 0 25.46998567 NA
27.1025252 0 0 0 0 42.8974748 NA
36.17521212 0 0 0 0 33.82478788 NA
24.67453033 0 0 0 0 45.32546967 NA
8.838625258 0 0 1 0 0.625776802 9.46440206
57.71762791 0 0 0 0 12.28237209 NA
27.85496798 0 1 0 0 1.915664691 29.77063267
55.49368284 0 0 0 0 14.50631716 NA
61.4094398 0 0 0 0 8.590560197 NA
33.89641503 0 0 0 0 36.10358497 NA
20.51169016 0 0 0 0 49.48830984 NA
52.40746156 0 0 0 0 17.59253844 NA
52.87677122 0 0 0 0 17.12322878 NA
67.00540564 0 0 0 0 2.994594362 NA
46.82978385 0 0 0 0 23.17021615 NA
33.97377814 0 0 0 0 36.02622186 NA
51.35569991 0 0 0 0 18.64430009 NA
45.43478375 0 1 0 0 2.337153244 47.77193699
45.63558584 0 0 0 0 24.36441416 NA
22.73660282 0 0 0 0 47.26339718 NA
26.03044054 0 0 0 0 43.96955946 NA
26.30983678 0 0 0 0 43.69016322 NA
21.79468766 0 0 0 0 48.20531234 NA
42.98621315 0 0 0 0 27.01378685 NA
46.44768372 0 0 0 0 23.55231628 NA
46.77547511 0 0 0 0 23.22452489 NA
46.7199092 0 0 0 0 23.2800908 NA
32.8249228 1 0 0 0 17.17880843 50.00373124
65.82143585 0 0 0 0 4.178564146 NA
65.43783575 0 0 0 0 4.562164249 NA
54.10270734 0 0 0 0 15.89729266 NA
51.82151178 0 0 0 0 18.17848822 NA
29.96557383 0 0 0 0 40.03442617 NA
32.4970155 0 0 0 0 37.5029845 NA
53.08649879 0 1 0 0 7.173848897 60.26034769
24.3288699 0 0 0 0 45.6711301 NA
47.44388917 0 0 0 0 22.55611083 NA
29.93707927 0 0 0 0 40.06292073 NA
42.31393432 0 0 0 0 27.68606568 NA
36.93597252 0 0 0 0 33.06402748 NA
20.62670708 0 0 0 0 49.37329292 NA
48.3405075 0 0 0 0 21.6594925 NA
60.85252485 0 0 0 0 9.147475148 NA
42.33036425 0 0 0 0 27.66963575 NA
46.14968922 0 0 0 0 23.85031078 NA
1.242302199 0 1 0 0 20.01822223 21.26052443
33.06074136 0 0 0 0 36.93925864 NA
22.71878423 0 0 0 0 47.28121577 NA
28.1335879 0 0 0 0 41.8664121 NA
21.62864886 0 0 0 0 48.37135114 NA
20.96533499 0 0 0 0 49.03466501 NA
33.21737206 0 0 0 0 36.78262794 NA
65.67790488 0 0 0 0 4.322095122 NA
57.68312174 0 0 0 0 12.31687826 NA
50.55127668 0 0 0 0 19.44872332 NA
54.69852696 0 0 0 0 15.30147304 NA
53.29309078 0 0 0 0 16.70690922 NA
58.41195967 0 0 0 0 11.58804033 NA
69.4667045 0 0 0 0 0.533295504 NA
51.84196619 0 1 0 0 13.54379595 65.38576214
21.38879718 0 0 0 0 48.61120282 NA
69.56540328 0 0 0 0 0.43459672 NA
22.95952075 0 0 0 0 47.04047925 NA
24.99306616 0 0 0 0 45.00693384 NA
39.96631122 0 0 0 0 30.03368878 NA
43.41452582 0 0 0 0 26.58547418 NA
0.282513483 0 0 1 0 26.8322516 27.11476508
36.36249032 0 0 0 0 33.63750968 NA
43.62559123 0 1 0 0 15.60807802 59.23366925
63.68968245 0 0 0 0 6.310317549 NA
48.37510178 0 0 0 0 21.62489822 NA
64.97080814 0 0 0 0 5.029191857 NA
22.70811151 0 0 0 0 47.29188849 NA
28.53106998 0 1 0 0 33.93367063 62.46474062
44.32221113 0 0 0 0 25.67778887 NA
59.5587781 0 0 0 0 10.4412219 NA
52.41212143 0 0 0 0 17.58787857 NA
34.35015219 0 0 0 0 35.64984781 NA
47.99846146 0 0 0 0 22.00153854 NA
38.81421994 0 0 0 0 31.18578006 NA
37.50256328 0 0 0 0 32.49743672 NA
42.87843714 0 0 0 0 27.12156286 NA
28.33916374 0 0 0 0 41.66083626 NA
58.81108225 0 0 0 0 11.18891775 NA
37.65511053 0 0 0 0 32.34488947 NA
24.39385525 0 0 0 0 45.60614475 NA
44.51977076 0 1 0 0 19.93255139 64.45232215
65.34174422 0 0 0 0 4.658255784 NA
62.76239816 0 0 0 0 7.237601839 NA
38.74750168 0 0 0 0 31.25249832 NA
22.80547834 0 0 0 0 47.19452166 NA
35.90892808 0 0 0 0 34.09107192 NA
41.56532407 0 0 0 0 28.43467593 NA
68.95396193 0 0 0 0 1.04603807 NA
64.16704956 0 0 0 0 5.832950445 NA
34.70142343 0 0 0 0 35.29857657 NA
57.13455403 0 0 0 0 12.86544597 NA
27.23886432 0 0 0 0 42.76113568 NA
64.70629741 0 0 0 0 5.29370259 NA
25.71072522 0 0 0 0 44.28927478 NA
23.35219692 0 0 0 0 46.64780308 NA
39.7541402 0 0 0 0 30.2458598 NA
18.70947889 0 1 0 0 19.45490842 38.16438731
25.70158191 0 0 0 0 44.29841809 NA
44.29314394 0 0 0 0 25.70685606 NA
63.98313374 0 0 0 0 6.016866257 NA
51.75449447 0 0 0 0 18.24550553 NA
20.07307533 0 0 0 0 49.92692467 NA
43.6800695 0 0 0 0 26.3199305 NA
29.55130897 0 0 0 0 40.44869103 NA
20.95618167 0 0 0 0 49.04381833 NA
62.67318926 0 0 0 0 7.326810737 NA
48.33312426 0 0 0 0 21.66687574 NA
35.71948595 0 0 0 0 34.28051405 NA
47.04301281 0 0 0 0 22.95698719 NA
0.052213688 0 0 1 0 4.41551049 4.467724178
63.29350824 0 0 0 0 6.706491765 NA
60.92014838 0 0 0 0 9.079851618 NA
64.00150569 0 0 0 0 5.998494313 NA
45.95791965 0 0 0 0 24.04208035 NA
29.26252621 0 0 0 0 40.73747379 NA
55.33211723 0 0 0 0 14.66788277 NA
52.3265065 0 0 0 0 17.6734935 NA
55.67114084 0 0 0 0 14.32885916 NA
60.84883388 0 0 0 0 9.151166119 NA
28.54183405 0 0 0 0 41.45816595 NA
45.76794088 0 0 0 0 24.23205912 NA
42.65038356 0 0 0 0 27.34961644 NA
48.50640961 0 0 0 0 21.49359039 NA
40.07812317 0 0 0 0 29.92187683 NA
39.32634456 0 0 0 0 30.67365544 NA
29.19880669 0 0 0 0 40.80119331 NA
35.71293999 0 0 0 0 34.28706001 NA
67.83747916 0 0 0 0 2.162520844 NA
44.93339349 0 0 0 0 25.06660651 NA
20.51723431 0 0 1 0 15.86427031 36.38150462
47.56325422 0 0 0 0 22.43674578 NA
58.77730438 0 0 0 0 11.22269562 NA
27.1429635 0 0 0 0 42.8570365 NA
27.15622414 0 0 0 0 42.84377586 NA
29.43001462 0 0 0 0 40.56998538 NA
67.71015593 0 0 0 0 2.289844071 NA
44.57219347 0 0 0 0 25.42780653 NA
61.96687496 0 0 0 0 8.033125044 NA
54.96645938 0 0 0 0 15.03354062 NA
47.23055462 0 0 0 0 22.76944538 NA
60.85849128 0 0 0 0 9.141508723 NA
1.088382628 0 1 0 0 0.774137944 1.862520571
31.79001752 0 0 0 0 38.20998248 NA
51.6700505 0 0 0 0 18.3299495 NA
52.19158594 0 0 0 0 17.80841406 NA
47.09607042 0 0 0 0 22.90392958 NA
46.90676916 0 0 0 0 23.09323084 NA
49.25902876 0 0 0 0 20.74097124 NA
41.75725924 0 0 0 0 28.24274076 NA
67.09095996 0 0 0 0 2.909040044 NA
24.45154302 0 0 0 0 45.54845698 NA
20.06354982 0 0 0 0 49.93645018 NA
38.91622772 0 0 0 0 31.08377228 NA
56.05825333 0 0 0 0 13.94174667 NA
26.29132919 0 0 0 0 43.70867081 NA
64.7243558 0 0 0 0 5.275644199 NA
28.89012519 0 0 0 0 41.10987481 NA
61.40975408 0 0 0 0 8.590245922 NA
44.47885836 0 0 0 0 25.52114164 NA
59.51409194 0 0 0 0 10.48590806 NA
43.34369104 0 0 0 0 26.65630896 NA
57.90273863 0 0 0 0 12.09726137 NA
0.262685476 0 0 1 0 27.72318234 27.98586782
3.47128622 0 1 0 0 47.92977769 51.40106391
47.31747755 0 0 0 0 22.68252245 NA
20.904365 0 0 0 0 49.095635 NA
44.75174357 0 0 0 0 25.24825643 NA
44.6172465 0 0 0 0 25.3827535 NA
0.106484963 0 0 1 0 7.608460495 7.714945459
22.36635852 0 0 0 0 47.63364148 NA
30.22179288 0 0 0 1 9.68916053 39.91095341
38.81915292 0 0 0 0 31.18084708 NA
67.88402057 0 0 0 0 2.11597943 NA
60.30195501 0 0 0 0 9.698044986 NA
38.24735835 0 0 0 0 31.75264165 NA
22.12614901 0 0 0 0 47.87385099 NA
34.05259214 0 0 0 0 35.94740786 NA
21.69885193 0 0 0 0 48.30114807 NA
23.41870486 0 0 0 0 46.58129514 NA
40.18115763 0 0 0 0 29.81884237 NA
56.16151818 0 0 0 0 13.83848182 NA
21.52110811 0 0 0 0 48.47889189 NA
47.67616853 0 0 0 0 22.32383147 NA
65.79322521 0 0 0 0 4.206774791 NA
62.54696128 0 0 0 0 7.453038718 NA
44.85700576 0 0 0 0 25.14299424 NA
22.60516704 0 0 0 0 47.39483296 NA
32.61234441 0 0 0 0 37.38765559 NA
40.43430583 0 0 0 0 29.56569417 NA
69.22401885 0 0 0 0 0.775981147 NA
27.4300315 0 0 0 0 42.5699685 NA
43.74684064 0 0 0 0 26.25315936 NA
43.2959872 0 0 0 0 26.7040128 NA
29.99765869 0 0 0 0 40.00234131 NA
45.86715444 0 0 0 0 24.13284556 NA
68.48457096 0 0 0 0 1.515429036 NA
34.20613364 0 0 0 0 35.79386636 NA
64.09538278 0 0 0 0 5.904617219 NA
3.776570152 0 0 0 1 29.32883651 33.10540666
24.89528156 0 0 0 0 45.10471844 NA
40.45788316 0 0 0 0 29.54211684 NA
27.47261522 0 0 0 0 42.52738478 NA
46.27479793 0 0 0 0 23.72520207 NA
3.77330429 0 1 0 0 47.28126116 51.05456545
46.11559546 0 0 0 0 23.88440454 NA
43.31514078 0 0 0 0 26.68485922 NA
62.81383365 0 0 0 0 7.186166348 NA
52.74125559 0 0 0 0 17.25874441 NA
33.53332278 0 0 0 0 36.46667722 NA
32.42115023 0 0 0 0 37.57884977 NA
28.99672502 0 0 0 0 41.00327498 NA
28.28484731 0 0 0 0 41.71515269 NA
43.18017137 0 0 0 0 26.81982863 NA
43.38594322 0 0 0 0 26.61405678 NA
0.098737029 0 1 0 0 22.17122954 22.26996657
44.01846473 0 0 0 0 25.98153527 NA
56.78335689 0 0 0 0 13.21664311 NA
45.55889193 0 0 0 0 24.44110807 NA
37.06480478 0 0 0 0 32.93519522 NA
31.29531951 0 0 0 0 38.70468049 NA
23.98421931 0 0 0 0 46.01578069 NA
21.63609392 0 0 0 0 48.36390608 NA
48.27288078 0 0 0 0 21.72711922 NA
53.1588841 0 0 0 0 16.8411159 NA
20.14075065 0 1 0 0 30.30921411 50.44996476
51.48558893 0 0 0 0 18.51441107 NA
49.15621425 0 0 0 0 20.84378575 NA
52.15445738 0 0 0 0 17.84554262 NA
38.43801497 0 0 0 0 31.56198503 NA
0.241833537 0 0 1 0 4.304053355 4.545886892
44.27073534 0 0 0 0 25.72926466 NA
22.08352584 0 0 0 0 47.91647416 NA
35.12286505 0 0 0 0 34.87713495 NA
40.99364074 0 0 0 0 29.00635926 NA
48.92735378 0 0 0 0 21.07264622 NA
27.29499297 0 0 0 0 42.70500703 NA
27.29593127 0 0 0 0 42.70406873 NA
22.39345037 0 0 0 0 47.60654963 NA
55.71507735 1 0 0 0 4.453532293 60.16860964
60.74098207 0 1 0 0 6.919718708 67.66070078
64.63908058 0 0 0 0 5.360919423 NA
64.8372684 0 0 0 0 5.162731605 NA
20.72810906 0 0 0 0 49.27189094 NA
31.55753876 0 0 0 0 38.44246124 NA
37.14279113 0 0 0 0 32.85720887 NA
64.01052784 0 0 0 0 5.989472161 NA
24.66333623 0 1 0 0 31.94907604 56.61241228
66.97360547 0 0 0 0 3.026394534 NA
60.91227393 0 0 0 0 9.087726066 NA
21.39303176 0 0 0 0 48.60696824 NA
52.18414178 0 0 0 0 17.81585822 NA
26.84752841 0 0 0 0 43.15247159 NA
52.89297806 0 0 0 0 17.10702194 NA
27.93721854 0 0 0 0 42.06278146 NA
34.46078465 0 0 0 0 35.53921535 NA
69.04622744 0 0 0 0 0.953772559 NA
60.64975673 0 0 0 0 9.350243269 NA
33.88308593 0 0 0 0 36.11691407 NA
35.35461607 0 0 0 0 34.64538393 NA
41.00093475 0 0 0 0 28.99906525 NA
42.88769883 0 0 0 0 27.11230117 NA
62.20339723 0 0 0 0 7.796602766 NA
25.32332234 0 0 0 0 44.67667766 NA
50.25518061 0 0 0 0 19.74481939 NA
28.6448715 0 0 0 0 41.3551285 NA
37.97318092 0 0 0 0 32.02681908 NA
36.20917349 0 0 0 0 33.79082651 NA
37.1022813 0 0 0 0 32.8977187 NA
69.93372089 0 0 0 0 0.066279108 NA
22.98379933 0 0 0 0 47.01620067 NA
24.97541843 0 1 0 0 41.2915039 66.26692233
46.15579266 0 1 0 0 3.878547077 50.03433974
44.96145314 0 0 0 0 25.03854686 NA
65.97759307 0 0 0 0 4.022406926 NA
50.10145992 0 0 0 0 19.89854008 NA
64.66203393 0 0 0 0 5.337966071 NA
38.04387753 0 0 0 0 31.95612247 NA
48.33993275 0 0 0 0 21.66006725 NA
26.07853746 0 0 0 0 43.92146254 NA
40.83720836 0 0 0 0 29.16279164 NA
62.52623742 0 0 0 0 7.473762578 NA
31.72846507 0 0 0 0 38.27153493 NA
54.66998349 0 0 0 0 15.33001651 NA
32.1140379 0 0 0 0 37.8859621 NA
24.8312605 0 0 0 0 45.1687395 NA
35.47381283 0 0 0 0 34.52618717 NA
66.98828204 0 0 0 0 3.011717962 NA
29.49621474 0 0 0 0 40.50378526 NA
32.48622636 0 0 0 0 37.51377364 NA
59.54175666 0 0 0 0 10.45824334 NA
40.07896563 0 0 0 0 29.92103437 NA
20.79132153 0 1 0 0 33.69839259 54.48971412
34.70846108 0 0 0 0 35.29153892 NA
32.9189283 0 0 0 0 37.0810717 NA
49.90963861 0 0 0 0 20.09036139 NA
41.88402766 0 0 0 0 28.11597234 NA
67.72859134 0 0 0 0 2.271408658 NA
17.03013286 0 1 0 0 11.86638789 28.89652074
42.84738504 0 0 0 0 27.15261496 NA
69.96709289 0 0 0 0 0.032907107 NA
33.90507258 0 0 0 0 36.09492742 NA
60.66902607 0 0 0 0 9.330973926 NA
34.51467642 0 0 0 0 35.48532358 NA
58.50584035 0 0 0 0 11.49415965 NA
64.83784946 0 0 0 0 5.162150541 NA
28.20772389 0 0 0 0 41.79227611 NA
36.55429282 0 0 0 0 33.44570718 NA
23.45522279 0 0 0 0 46.54477721 NA
36.4533437 0 0 0 0 33.5466563 NA
67.64981648 0 0 0 0 2.350183518 NA
8.284713119 0 1 0 0 48.43992174 56.72463486
24.92618181 0 0 0 0 45.07381819 NA
44.01118626 0 1 0 0 1.65472657 45.66591283
54.40793373 0 0 0 0 15.59206627 NA
43.61513269 0 0 0 0 26.38486731 NA
54.03397424 0 0 0 0 15.96602576 NA
63.43280344 0 0 0 0 6.56719656 NA
44.04891779 0 0 0 0 25.95108221 NA
11.13708013 0 1 0 0 1.507061336 12.64414147
32.484712 0 0 0 0 37.515288 NA
57.87707592 0 0 0 0 12.12292408 NA
62.71558627 0 0 0 0 7.284413732 NA
26.06435344 0 0 0 0 43.93564656 NA
63.66930076 0 0 0 0 6.330699241 NA
52.36648336 0 0 0 0 17.63351664 NA
47.01063086 0 0 0 0 22.98936914 NA
45.17900595 0 0 0 0 24.82099405 NA
38.93430762 0 0 0 0 31.06569238 NA
67.56573937 0 0 0 0 2.434260631 NA
22.90303826 0 0 0 0 47.09696174 NA
40.6121177 1 0 0 0 24.95032031 65.56243801
33.16015755 0 0 0 0 36.83984245 NA
29.94620061 0 0 0 0 40.05379939 NA
38.13198526 0 0 0 0 31.86801474 NA
50.12740313 0 0 0 0 19.87259687 NA
64.74240966 0 0 0 0 5.257590336 NA
67.25014403 0 0 0 0 2.749855968 NA
42.37270868 0 0 0 0 27.62729132 NA
69.48980804 0 0 0 0 0.510191964 NA
16.2720144 0 0 0 1 36.99532638 53.26734078
33.8211033 0 0 0 0 36.1788967 NA
25.5729897 0 0 0 0 44.4270103 NA
38.05010345 0 0 0 0 31.94989655 NA
32.5709185 0 0 1 0 27.12996216 59.70088065
60.60684663 0 0 0 0 9.393153375 NA
57.50017557 0 0 0 0 12.49982443 NA
28.70995493 0 1 0 0 14.16274196 42.87269689
23.44526304 0 0 0 0 46.55473696 NA
40.61908261 0 0 0 0 29.38091739 NA
29.73740752 0 0 0 0 40.26259248 NA
36.95088572 0 0 0 0 33.04911428 NA
64.81799977 0 0 0 0 5.182000226 NA
53.68569678 0 0 0 0 16.31430322 NA
65.27243073 0 0 0 0 4.727569269 NA
27.42085335 0 0 0 0 42.57914665 NA
42.05354546 0 0 0 0 27.94645454 NA
28.7963638 0 0 0 0 41.2036362 NA
31.20334467 0 0 0 0 38.79665533 NA
30.9339709 0 0 0 0 39.0660291 NA
11.65918934 1 0 0 0 48.19947167 59.85866101
26.54238567 0 0 0 0 43.45761433 NA
0.51090041 0 0 1 0 8.733491425 9.244391835
42.26963751 0 0 0 0 27.73036249 NA
31.40922171 0 0 0 0 38.59077829 NA
43.62285933 0 0 0 0 26.37714067 NA
50.44918281 0 0 0 0 19.55081719 NA
26.65930011 0 0 0 0 43.34069989 NA
50.260389 0 0 0 0 19.739611 NA
34.13050028 0 0 0 0 35.86949972 NA
46.44836807 0 0 0 0 23.55163193 NA
61.98714534 0 0 0 0 8.012854657 NA
38.8689647 0 0 0 0 31.1310353 NA
63.89449093 0 0 0 0 6.105509074 NA
30.29623243 0 0 0 0 39.70376757 NA
32.80263847 0 1 0 0 35.52157828 68.32421674
42.02650097 0 0 0 0 27.97349903 NA
54.71852019 0 0 0 0 15.28147981 NA
25.2173221 0 0 0 0 44.7826779 NA
65.68719842 0 0 0 0 4.312801582 NA
45.49117858 0 0 0 0 24.50882142 NA
34.26324616 0 0 0 0 35.73675384 NA
69.26690531 0 0 0 0 0.733094686 NA
62.03745113 0 0 0 0 7.962548872 NA
48.4814464 0 0 0 0 21.5185536 NA
44.9052244 0 0 0 0 25.0947756 NA
60.45749939 0 0 0 0 9.542500612 NA
24.05367939 0 0 0 0 45.94632061 NA
43.06399484 0 0 0 0 26.93600516 NA
46.94220659 0 0 0 0 23.05779341 NA
60.77024609 0 0 0 0 9.229753911 NA
40.09205967 0 0 0 0 29.90794033 NA
56.50638055 0 0 0 0 13.49361945 NA
38.54712893 0 0 0 0 31.45287107 NA
67.19586154 0 0 0 0 2.804138465 NA
34.30076745 0 0 0 0 35.69923255 NA
41.16492913 0 0 0 0 28.83507087 NA
4.308171056 0 1 0 0 11.87226484 16.18043589
26.87039533 0 0 0 0 43.12960467 NA
43.5700701 0 0 0 0 26.4299299 NA
61.27836142 0 0 0 0 8.721638576 NA
64.96619977 0 0 0 0 5.033800227 NA
68.77968173 0 0 0 0 1.220318268 NA
64.86791843 0 0 0 0 5.132081569 NA
26.26761513 0 0 0 0 43.73238487 NA
23.74044527 0 0 0 0 46.25955473 NA
63.01015863 0 0 0 0 6.989841373 NA
55.52841488 0 0 0 0 14.47158512 NA
60.36200838 0 0 0 0 9.637991618 NA
27.69088089 0 0 0 0 42.30911911 NA
35.68917271 0 0 0 0 34.31082729 NA
59.53553371 0 0 0 0 10.46446629 NA
35.44398764 0 0 0 0 34.55601236 NA
65.00408547 0 0 0 0 4.995914525 NA
61.87701482 0 0 0 0 8.122985181 NA
43.13650463 0 0 0 0 26.86349537 NA
44.37584284 0 0 0 0 25.62415716 NA
64.17387018 0 0 0 0 5.826129823 NA
61.34616661 0 0 0 0 8.653833391 NA
57.06231457 0 0 0 0 12.93768543 NA
62.2564353 0 0 0 0 7.743564702 NA
58.28165485 0 0 0 0 11.71834515 NA
53.31217469 0 0 0 0 16.68782531 NA
26.62263678 0 0 0 0 43.37736322 NA
68.21964001 0 0 0 0 1.780359994 NA
65.36829597 0 0 0 0 4.631704034 NA
28.82684888 0 0 0 0 41.17315112 NA
67.55995705 0 0 0 0 2.440042945 NA
39.20243482 0 0 0 0 30.79756518 NA
42.29913408 0 0 0 0 27.70086592 NA
0.345668944 0 1 0 0 38.18122518 38.52689412
63.85829066 0 0 0 0 6.141709338 NA
58.01584711 0 0 0 0 11.98415289 NA
24.82830768 0 0 0 0 45.17169232 NA
59.60827203 0 0 0 0 10.39172797 NA
25.05988608 0 0 0 0 44.94011392 NA
20.28379242 0 0 0 0 49.71620758 NA
37.1665466 0 0 0 0 32.8334534 NA
29.52419826 0 0 0 0 40.47580174 NA
52.42145684 0 0 0 0 17.57854316 NA
67.10224142 0 0 0 0 2.897758584 NA
47.74393302 0 0 0 0 22.25606698 NA
41.84931539 0 0 0 0 28.15068461 NA
46.23919121 0 0 0 0 23.76080879 NA
27.39355123 0 0 0 0 42.60644877 NA
43.6091733 0 0 0 0 26.3908267 NA
67.98807149 0 0 0 0 2.011928509 NA
51.39172327 0 0 0 0 18.60827673 NA
65.3897086 0 0 0 0 4.610291403 NA
66.57745905 0 0 0 0 3.42254095 NA
69.35169833 0 0 0 0 0.648301665 NA
68.9380189 0 0 0 0 1.061981102 NA
63.2921585 0 0 0 0 6.707841496 NA
49.61834886 0 0 0 0 20.38165114 NA
28.67269016 0 0 0 0 41.32730984 NA
35.0735767 0 0 0 0 34.9264233 NA
35.36031881 0 0 0 0 34.63968119 NA
65.17623276 0 0 0 0 4.823767242 NA
32.14446467 0 0 0 0 37.85553533 NA
44.72434614 0 0 0 0 25.27565386 NA
58.7837227 0 1 0 0 4.864007654 63.64773035
26.30722845 0 0 0 0 43.69277155 NA
50.10873999 0 0 0 0 19.89126001 NA
65.57402335 0 0 0 0 4.425976647 NA
47.37155668 0 0 0 0 22.62844332 NA
30.77691845 0 0 0 0 39.22308155 NA
69.45065206 0 0 0 0 0.549347943 NA
27.67583083 0 0 0 0 42.32416917 NA
52.93409322 0 0 0 0 17.06590678 NA
35.48883978 0 0 0 0 34.51116022 NA
26.82401393 0 0 0 0 43.17598607 NA
37.92454546 0 0 1 0 5.642450671 43.56699613
2.935483566 0 0 1 0 41.43457297 44.37005654
54.9940089 0 0 0 0 15.0059911 NA
39.5039078 0 0 0 0 30.4960922 NA
36.44876981 0 0 0 0 33.55123019 NA
37.63761367 0 0 0 0 32.36238633 NA
43.81104382 0 0 0 0 26.18895618 NA
50.79438449 0 0 0 0 19.20561551 NA
40.82806133 0 0 0 0 29.17193867 NA
52.44082937 0 0 0 0 17.55917063 NA
27.59066779 0 0 0 0 42.40933221 NA
44.69421062 0 0 0 0 25.30578938 NA
33.521857 0 0 0 0 36.478143 NA
48.8658185 0 0 0 0 21.1341815 NA
42.28589806 0 0 0 0 27.71410194 NA
0.650000258 0 0 1 0 7.119546109 7.769546367
21.13085868 0 0 0 0 48.86914132 NA
33.24239096 0 0 0 0 36.75760904 NA
47.29393926 0 0 0 0 22.70606074 NA
45.26674451 0 0 0 0 24.73325549 NA
40.77990992 0 0 0 0 29.22009008 NA
40.06611237 0 0 0 0 29.93388763 NA
30.50286765 0 0 0 0 39.49713235 NA
34.26730643 0 0 0 0 35.73269357 NA
68.2660339 0 0 0 0 1.733966102 NA
30.12693405 0 0 0 0 39.87306595 NA
23.25965422 0 0 0 0 46.74034578 NA
38.83929328 0 0 0 0 31.16070672 NA
35.38877891 0 0 1 0 12.19680444 47.58558335
50.19604767 0 0 0 0 19.80395233 NA
30.39881303 0 0 0 0 39.60118697 NA
41.61660949 0 0 0 0 28.38339051 NA
21.84156039 0 0 0 0 48.15843961 NA
30.35873245 0 0 0 0 39.64126755 NA
23.89832358 0 0 0 0 46.10167642 NA
22.42914396 0 0 0 0 47.57085604 NA
42.61033051 0 0 0 0 27.38966949 NA
21.45920852 0 0 0 0 48.54079148 NA
52.90221463 0 0 0 0 17.09778537 NA
47.10230657 0 0 0 0 22.89769343 NA
60.03536737 0 0 0 0 9.964632627 NA
14.23906632 0 0 1 0 11.26896148 25.5080278
42.58520883 0 0 0 0 27.41479117 NA
55.26340736 0 0 0 0 14.73659264 NA
66.09751537 0 0 0 0 3.902484628 NA
41.17204778 0 0 0 0 28.82795222 NA
61.30669764 0 1 0 0 8.643947076 69.95064471
41.96118643 0 0 0 0 28.03881357 NA
47.46215302 0 0 0 0 22.53784698 NA
57.44603727 0 0 0 0 12.55396273 NA
25.20769351 0 0 0 0 44.79230649 NA
43.24465164 0 0 0 0 26.75534836 NA
45.89765046 0 0 0 0 24.10234954 NA
45.15853706 0 0 0 0 24.84146294 NA
27.50535961 0 0 0 0 42.49464039 NA
32.8350187 0 0 0 0 37.1649813 NA
68.49852732 0 0 0 0 1.501472679 NA
27.94686588 0 0 0 0 42.05313412 NA
62.46207535 0 0 0 0 7.53792465 NA
48.667241 0 0 0 0 21.332759 NA
69.82585004 0 0 0 0 0.174149964 NA
20.51945132 0 0 0 0 49.48054868 NA
31.63393393 0 0 0 0 38.36606607 NA
53.81023708 0 0 0 0 16.18976292 NA
29.44597756 0 0 0 0 40.55402244 NA
69.04932843 0 0 0 0 0.950671569 NA
20.36340517 0 0 0 0 49.63659483 NA
59.70699303 0 0 0 0 10.29300697 NA
67.63608893 0 0 0 0 2.363911073 NA
30.20716128 0 0 0 0 39.79283872 NA
38.27834981 0 0 0 0 31.72165019 NA
43.06624736 0 0 0 0 26.93375264 NA
46.3469076 0 0 0 0 23.6530924 NA
60.73559354 0 0 0 0 9.264406457 NA
53.444238 0 0 0 0 16.555762 NA
42.19515881 0 0 0 0 27.80484119 NA
21.78083599 0 0 0 0 48.21916401 NA
38.78252673 0 0 0 0 31.21747327 NA
55.22911993 0 0 0 0 14.77088007 NA
25.40064101 0 0 0 0 44.59935899 NA
65.28955423 0 0 0 0 4.710445774 NA
43.66332709 0 0 0 0 26.33667291 NA
20.62088411 0 0 0 0 49.37911589 NA
23.9708278 0 0 0 0 46.0291722 NA
5.785241911 0 0 1 0 26.01196641 31.79720832
37.21855107 0 0 0 0 32.78144893 NA
50.22386641 0 0 0 0 19.77613359 NA
31.7875625 0 0 0 0 38.2124375 NA
43.23872119 0 0 0 0 26.76127881 NA
28.22422444 0 0 0 0 41.77577556 NA
21.2023857 0 0 0 0 48.7976143 NA
69.93893119 0 0 0 0 0.061068812 NA
53.81222838 0 0 0 0 16.18777162 NA
51.88655582 0 0 0 0 18.11344418 NA
36.43486533 0 0 0 0 33.56513467 NA
33.5998708 0 0 0 0 36.4001292 NA
56.56846047 0 0 0 0 13.43153953 NA
59.73024299 0 0 0 0 10.26975701 NA
48.85449999 0 0 0 0 21.14550001 NA
30.02698283 0 0 0 0 39.97301717 NA
60.47334645 0 0 0 0 9.526653553 NA
50.34359897 0 0 0 0 19.65640103 NA
68.59142693 0 0 0 0 1.408573065 NA
56.30213828 0 0 0 0 13.69786172 NA
35.99796523 0 0 0 0 34.00203477 NA
21.08703038 0 0 0 0 48.91296962 NA
41.75472816 0 0 0 0 28.24527184 NA
50.63291127 0 0 0 0 19.36708873 NA
53.27221309 0 0 0 0 16.72778691 NA
40.24802952 0 0 0 0 29.75197048 NA
32.27158852 0 0 0 0 37.72841148 NA
53.7504542 0 0 0 0 16.2495458 NA
20.62005175 0 0 0 0 49.37994825 NA
51.44615203 0 0 0 0 18.55384797 NA
43.3037277 0 0 0 0 26.6962723 NA
33.89175353 0 0 0 0 36.10824647 NA
68.2179526 0 0 0 0 1.782047399 NA
38.01331386 0 0 0 0 31.98668614 NA
61.53543159 0 0 0 0 8.464568411 NA
32.97868626 0 0 0 0 37.02131374 NA
14.06963855 0 1 0 0 30.68695716 44.75659571
59.89879868 0 0 0 0 10.10120132 NA
36.34285174 0 0 0 0 33.65714826 NA
61.99637842 0 0 0 0 8.003621583 NA
21.70330885 0 0 0 0 48.29669115 NA
63.31834506 0 0 0 0 6.68165494 NA
65.99686585 0 0 0 0 4.003134149 NA
31.04556152 0 0 0 0 38.95443848 NA
48.31789268 0 0 0 0 21.68210732 NA
54.3260317 0 0 0 0 15.6739683 NA
29.73068801 0 0 0 0 40.26931199 NA
50.33489625 0 0 0 0 19.66510375 NA
52.15019575 0 0 0 0 17.84980425 NA
27.44735767 0 0 0 0 42.55264233 NA
33.79935374 0 0 0 0 36.20064626 NA
60.83663215 0 0 0 0 9.163367853 NA
20.76048849 0 0 0 0 49.23951151 NA
31.51148007 0 0 0 0 38.48851993 NA
65.0438645 0 0 0 0 4.956135503 NA
51.71903854 0 0 0 0 18.28096146 NA
51.79926827 0 0 0 0 18.20073173 NA
24.74888117 0 0 0 0 45.25111883 NA
66.47718403 0 0 0 0 3.522815974 NA
28.37567156 0 0 0 0 41.62432844 NA
54.56432172 0 0 0 0 15.43567828 NA
51.17262714 0 0 0 0 18.82737286 NA
44.90345844 0 0 0 0 25.09654156 NA
47.12277381 0 0 0 0 22.87722619 NA
45.18378368 0 0 0 0 24.81621632 NA
29.22903712 0 0 0 0 40.77096288 NA
61.69562251 0 0 0 0 8.304377494 NA
38.63471232 0 0 0 0 31.36528768 NA
46.506301 0 0 0 0 23.493699 NA
60.47669537 0 0 0 0 9.523304633 NA
32.90051428 0 0 0 0 37.09948572 NA
33.07255063 0 0 0 0 36.92744937 NA
69.16493804 0 0 0 0 0.835061958 NA
61.17862984 0 0 0 0 8.821370162 NA
24.16628767 0 0 0 0 45.83371233 NA
50.50772967 0 0 0 0 19.49227033 NA
41.19193367 0 0 0 0 28.80806633 NA
39.72107727 0 0 0 0 30.27892273 NA
21.80998427 0 0 0 0 48.19001573 NA
59.76058377 0 0 0 0 10.23941623 NA
27.6485911 0 0 0 0 42.3514089 NA
44.78533154 0 0 0 0 25.21466846 NA
21.64674015 0 0 0 0 48.35325985 NA
41.85537958 0 0 0 0 28.14462042 NA
53.25346916 0 0 0 0 16.74653084 NA
16.60902343 0 1 0 0 30.28538638 46.89440981
67.10697976 0 0 0 0 2.893020236 NA
48.7695493 0 0 0 0 21.2304507 NA
64.8138299 0 0 0 0 5.186170095 NA
28.53816539 0 0 0 0 41.46183461 NA
62.37029171 0 0 0 0 7.629708294 NA
44.22112456 0 0 0 0 25.77887544 NA
31.95219029 0 0 0 0 38.04780971 NA
38.37237206 0 0 0 0 31.62762794 NA
58.31716627 0 0 0 0 11.68283373 NA
66.61477897 0 0 0 0 3.385221027 NA
66.49114942 0 0 0 0 3.508850583 NA
60.61051266 0 0 0 0 9.38948734 NA
20.0225688 0 0 0 0 49.9774312 NA
66.00242146 0 0 0 0 3.997578542 NA
64.29731924 0 0 0 0 5.702680757 NA
67.93634617 0 0 0 0 2.063653828 NA
27.66520291 0 0 0 0 42.33479709 NA
64.73794152 0 0 0 0 5.262058484 NA
39.08703704 0 0 0 0 30.91296296 NA
36.75444352 0 0 0 0 33.24555648 NA
56.00172297 0 0 0 0 13.99827703 NA
46.19512705 0 0 0 0 23.80487295 NA
37.2917932 0 0 0 0 32.7082068 NA
25.64008708 0 0 0 0 44.35991292 NA
37.67430519 0 0 0 0 32.32569481 NA
66.93496875 0 0 0 0 3.065031255 NA
49.10374914 0 0 0 0 20.89625086 NA
56.29407462 0 0 0 0 13.70592538 NA
33.65765431 0 0 0 0 36.34234569 NA
30.24698879 0 0 0 0 39.75301121 NA
29.45642851 0 0 0 0 40.54357149 NA
0.096901562 0 0 1 0 41.0055483 41.10244986
24.85735806 0 0 0 0 45.14264194 NA
54.3639499 0 0 0 0 15.6360501 NA
23.49058339 0 0 0 0 46.50941661 NA
54.86904756 0 0 0 0 15.13095244 NA
38.43598245 0 0 0 0 31.56401755 NA
43.19270564 0 0 0 0 26.80729436 NA
54.61363 0 0 0 0 15.38637 NA
50.82540837 0 0 0 0 19.17459163 NA
48.11649223 0 0 0 0 21.88350777 NA
47.54325391 0 0 0 0 22.45674609 NA
50.68622717 0 0 0 0 19.31377283 NA
21.10851703 0 0 0 0 48.89148297 NA
53.98418105 0 1 0 0 13.39382272 67.37800377
38.17588141 0 0 0 0 31.82411859 NA
20.52372931 0 0 0 0 49.47627069 NA
28.6075173 0 0 0 1 3.350237873 31.95775518
61.69690363 0 0 0 0 8.303096367 NA
44.09378639 0 0 0 0 25.90621361 NA
47.35601166 0 0 0 0 22.64398834 NA
61.69183578 0 0 0 0 8.308164217 NA
46.67805162 0 0 0 0 23.32194838 NA
65.44011501 0 0 0 0 4.559884989 NA
24.29524427 0 0 0 0 45.70475573 NA
29.93717135 0 0 0 0 40.06282865 NA
39.91022015 0 0 0 0 30.08977985 NA
36.17478023 0 0 0 0 33.82521977 NA
45.82661184 0 0 0 0 24.17338816 NA
32.08329503 0 0 0 0 37.91670497 NA
37.60673909 0 0 0 0 32.39326091 NA
39.43586293 0 0 0 0 30.56413707 NA
66.38869088 0 0 0 0 3.611309116 NA
23.40717171 0 0 0 0 46.59282829 NA
49.88894727 0 0 0 0 20.11105273 NA
43.3332393 0 0 0 0 26.6667607 NA
0.099752468 0 0 1 0 19.50863029 19.60838276
46.24114006 0 0 0 0 23.75885994 NA
54.93342886 0 0 0 0 15.06657114 NA
28.64813677 0 0 0 0 41.35186323 NA
37.08693708 0 0 0 0 32.91306292 NA
58.31626046 0 0 0 0 11.68373954 NA
30.02612771 0 0 0 0 39.97387229 NA
43.26195869 0 0 0 0 26.73804131 NA
32.64433713 0 0 0 0 37.35566287 NA
37.38459812 0 0 0 0 32.61540188 NA
32.74422118 0 0 0 0 37.25577882 NA
27.83872029 0 0 0 0 42.16127971 NA
20.93769341 0 0 0 0 49.06230659 NA
20.34299014 0 0 0 0 49.65700986 NA
30.31576329 0 0 0 0 39.68423671 NA
42.58053678 0 0 0 0 27.41946322 NA
54.23584898 0 0 0 0 15.76415102 NA
2.699617729 0 1 0 0 25.8681013 28.56771903
25.60471903 0 0 0 0 44.39528097 NA
47.35244751 0 0 0 0 22.64755249 NA
20.04628616 0 0 0 0 49.95371384 NA
56.47862868 0 0 0 0 13.52137132 NA
44.70919008 0 0 0 0 25.29080992 NA
30.88358318 0 0 0 0 39.11641682 NA
38.37741669 0 0 0 0 31.62258331 NA
27.49448859 0 0 0 0 42.50551141 NA
68.83703158 0 0 0 0 1.162968425 NA
23.77478688 0 0 0 0 46.22521312 NA
65.94840017 0 0 0 0 4.051599826 NA
61.97522053 0 0 0 0 8.024779474 NA
32.03096205 0 0 0 0 37.96903795 NA
68.35970744 0 0 0 0 1.64029256 NA
45.39518219 0 0 0 0 24.60481781 NA
65.58986076 0 0 0 0 4.410139238 NA
51.17926499 0 0 0 0 18.82073501 NA
26.07248634 0 0 0 0 43.92751366 NA
14.88110924 0 1 0 0 11.8094365 26.69054574
49.50694526 0 0 0 0 20.49305474 NA
49.99827897 0 0 0 0 20.00172103 NA
66.95564834 0 0 0 0 3.044351656 NA
55.9455063 0 0 0 0 14.0544937 NA
24.03765438 0 0 0 0 45.96234562 NA
54.80508439 0 0 0 0 15.19491561 NA
28.02890302 0 0 0 0 41.97109698 NA
29.68212872 0 0 0 0 40.31787128 NA
43.89097657 0 0 0 0 26.10902343 NA
38.88982381 0 0 0 0 31.11017619 NA
46.07412864 0 0 0 0 23.92587136 NA
20.39564322 0 0 0 0 49.60435678 NA
49.64275297 0 0 0 0 20.35724703 NA
56.51292358 0 0 0 0 13.48707642 NA
55.02279902 0 0 0 0 14.97720098 NA
55.55132774 1 0 0 0 10.52363742 66.07496516
49.51461106 0 0 0 0 20.48538894 NA
65.94801223 0 0 0 0 4.051987769 NA
28.30361519 0 0 0 0 41.69638481 NA
29.46555663 0 0 0 0 40.53444337 NA
58.45941266 0 0 0 0 11.54058734 NA
31.19808344 0 0 0 0 38.80191656 NA
28.85476781 0 0 0 0 41.14523219 NA
35.12655239 0 0 0 0 34.87344761 NA
45.34395929 0 0 0 0 24.65604071 NA
40.97073055 0 0 0 0 29.02926945 NA
66.52983678 0 0 0 0 3.470163222 NA
23.66535654 0 0 0 0 46.33464346 NA
62.36863666 0 0 0 0 7.631363336 NA
54.55427913 0 0 0 0 15.44572087 NA
54.1419532 0 0 0 0 15.8580468 NA
37.41745484 0 0 0 0 32.58254516 NA
49.68473302 0 0 0 0 20.31526698 NA
64.76956677 0 0 0 0 5.230433226 NA
31.53362528 0 0 0 0 38.46637472 NA
45.57776155 0 0 0 0 24.42223845 NA
33.18201291 0 0 0 0 36.81798709 NA
48.71095242 0 0 0 0 21.28904758 NA
25.01623646 0 0 0 0 44.98376354 NA
30.31095384 0 0 0 0 39.68904616 NA
57.86997548 0 0 0 0 12.13002452 NA
30.1517278 0 0 0 0 39.8482722 NA
27.57162183 0 0 0 0 42.42837817 NA
54.84993558 0 0 0 0 15.15006442 NA
22.9824955 0 0 0 0 47.0175045 NA
39.63106971 0 0 0 0 30.36893029 NA
56.95639003 0 0 0 0 13.04360997 NA
37.27932069 0 0 0 0 32.72067931 NA
24.57759541 0 0 0 0 45.42240459 NA
49.60353716 0 0 0 0 20.39646284 NA
64.38312619 0 0 0 0 5.616873805 NA
39.45485629 0 0 0 0 30.54514371 NA
53.85343341 0 0 0 0 16.14656659 NA
68.57379593 0 0 0 0 1.426204073 NA
39.42942134 1 0 0 0 11.16757788 50.59699921
49.6745797 0 0 0 0 20.3254203 NA
51.11669314 0 0 0 0 18.88330686 NA
67.83527574 0 0 0 0 2.16472426 NA
52.83870483 0 0 0 0 17.16129517 NA
49.49628681 0 0 0 0 20.50371319 NA
60.55338755 1 0 0 0 1.492508966 62.04589652
50.45412834 0 0 0 0 19.54587166 NA
51.14364207 0 0 0 0 18.85635793 NA
46.91669721 0 0 0 0 23.08330279 NA
53.48881027 0 0 0 0 16.51118973 NA
14.29390566 0 0 1 0 43.06959736 57.36350301
24.07934198 0 0 0 0 45.92065802 NA
31.3093357 0 0 0 0 38.6906643 NA
26.87574844 0 0 0 0 43.12425156 NA
34.20871222 0 0 0 0 35.79128778 NA
45.34961088 0 0 0 0 24.65038912 NA
50.74855047 0 0 0 0 19.25144953 NA
0.119735151 0 0 1 0 24.59305528 24.71279043
56.55778625 0 0 0 0 13.44221375 NA
42.22608712 0 0 0 0 27.77391288 NA
69.21026555 0 0 0 0 0.789734453 NA
34.6909053 0 0 0 0 35.3090947 NA
64.30744107 0 0 0 0 5.692558934 NA
34.51705152 0 0 0 0 35.48294848 NA
68.22647037 0 0 0 0 1.773529628 NA
36.19436342 0 0 0 0 33.80563658 NA
45.40895953 0 0 0 0 24.59104047 NA
40.35850869 0 0 0 0 29.64149131 NA
32.33151493 0 0 0 0 37.66848507 NA
41.12974764 0 0 0 0 28.87025236 NA
48.94647369 0 0 0 0 21.05352631 NA
41.3160813 0 0 0 0 28.6839187 NA
3.888972891 0 1 0 0 10.76240996 14.65138285
30.63477059 0 0 0 0 39.36522941 NA
34.37735955 0 0 0 0 35.62264045 NA
36.30394243 0 0 0 0 33.69605757 NA
46.05476381 0 0 1 0 23.65361457 69.70837838
69.34692337 0 0 0 0 0.653076626 NA
46.67728896 0 0 0 0 23.32271104 NA
20.78647743 0 0 0 0 49.21352257 NA
66.30608079 0 0 0 0 3.69391921 NA
29.70639508 0 0 0 0 40.29360492 NA
21.43665292 0 0 0 0 48.56334708 NA
67.93462154 0 0 0 0 2.065378462 NA
41.59741605 0 0 1 0 20.9608752 62.55829125
47.53756131 0 0 0 0 22.46243869 NA
1.07e-05 0 0 1 0 49.76552634 49.765537
41.04705651 0 0 0 0 28.95294349 NA
60.18012937 0 0 0 0 9.819870628 NA
47.85812473 0 1 0 0 11.64840402 59.50652875
59.35132837 0 0 0 0 10.64867163 NA
35.02921225 0 0 0 0 34.97078775 NA
39.72872587 0 0 0 0 30.27127413 NA
28.07453247 0 0 0 0 41.92546753 NA
60.46591577 0 0 0 0 9.534084226 NA
40.99805257 0 0 0 0 29.00194743 NA
43.01842914 0 0 0 0 26.98157086 NA
34.76805971 0 0 0 0 35.23194029 NA
0.000801902 0 0 1 0 45.70412625 45.70492816
43.2100875 0 0 0 1 9.154009214 52.36409671
53.57400125 0 0 0 0 16.42599875 NA
30.26939158 0 0 0 0 39.73060842 NA
39.20709588 0 0 0 0 30.79290412 NA
29.64867396 0 0 0 0 40.35132604 NA
59.02021497 0 0 0 0 10.97978503 NA
56.69125009 0 0 0 0 13.30874991 NA
41.21255924 0 0 0 0 28.78744076 NA
69.36818186 0 0 0 0 0.63181814 NA
52.73935723 0 0 0 0 17.26064277 NA
24.22763816 0 0 0 0 45.77236184 NA
33.05902607 0 0 0 0 36.94097393 NA
29.15862765 0 0 0 0 40.84137235 NA
43.73693356 0 0 0 0 26.26306644 NA
21.29744954 0 0 0 0 48.70255046 NA
48.88727537 0 0 0 0 21.11272463 NA
55.6924803 0 0 0 0 14.3075197 NA
1.59e-05 0 0 1 0 15.23667754 15.23669343
66.4134131 0 0 0 0 3.586586902 NA
21.58128957 0 0 0 0 48.41871043 NA
50.16275205 0 0 0 0 19.83724795 NA
23.68853202 0 0 0 0 46.31146798 NA
62.21676928 0 0 0 0 7.78323072 NA
23.00638956 0 0 0 0 46.99361044 NA
21.86327404 0 0 0 0 48.13672596 NA
45.49525652 0 0 0 0 24.50474348 NA
29.64627139 0 0 0 0 40.35372861 NA
62.16436974 0 0 0 0 7.835630258 NA
35.63609858 0 0 0 0 34.36390142 NA
61.22333669 0 0 0 0 8.776663314 NA
61.75221336 0 0 0 0 8.247786644 NA
32.15823184 0 0 0 0 37.84176816 NA
57.68362832 0 0 0 0 12.31637168 NA
55.12538957 0 0 0 0 14.87461043 NA
40.46447872 0 0 0 0 29.53552128 NA
26.69276105 0 0 0 0 43.30723895 NA
42.1401916 0 0 0 0 27.8598084 NA
32.97030061 0 0 0 0 37.02969939 NA
35.44496265 0 0 0 0 34.55503735 NA
40.36198409 0 0 0 0 29.63801591 NA
62.25288826 0 0 0 0 7.747111737 NA
48.21168686 0 0 0 0 21.78831314 NA
35.14660261 0 0 0 0 34.85339739 NA
21.08117607 0 0 0 0 48.91882393 NA
40.13319487 0 0 0 0 29.86680513 NA
44.30400703 0 0 0 0 25.69599297 NA
44.46681703 0 0 0 0 25.53318297 NA
20.71083914 0 0 0 0 49.28916086 NA
25.28893564 0 0 0 0 44.71106436 NA
39.68096702 0 0 0 0 30.31903298 NA
25.51210694 0 0 0 0 44.48789306 NA
31.25421571 0 0 0 0 38.74578429 NA
28.60634663 0 0 0 0 41.39365337 NA
64.18280823 0 0 0 0 5.817191768 NA
18.61787007 1 0 0 0 6.822272786 25.44014285
45.95683138 0 0 0 0 24.04316862 NA
35.70125122 0 0 0 0 34.29874878 NA
62.49882374 0 0 0 0 7.501176256 NA
51.81881944 0 0 0 0 18.18118056 NA
49.56784407 0 0 0 0 20.43215593 NA
63.60972954 0 0 0 0 6.390270463 NA
37.8289689 0 0 0 0 32.1710311 NA
23.75742184 0 0 0 0 46.24257816 NA
65.0504672 0 0 0 0 4.949532798 NA
23.51484164 0 0 0 0 46.48515836 NA
57.57106487 0 0 0 0 12.42893513 NA
59.72929354 0 0 0 0 10.27070646 NA
20.07692023 0 0 1 0 8.27734716 28.35426739
30.36343274 0 0 0 0 39.63656726 NA
26.89591109 0 0 0 0 43.10408891 NA
49.43006756 0 0 0 0 20.56993244 NA
20.5704721 0 0 0 0 49.4295279 NA
36.23163508 0 0 0 0 33.76836492 NA
54.92381785 0 0 0 0 15.07618215 NA
27.07040494 0 0 0 0 42.92959506 NA
26.61234139 0 0 0 0 43.38765861 NA
48.02722964 0 0 0 0 21.97277036 NA
63.88912558 0 0 0 0 6.110874424 NA
3.16e-05 0 0 1 0 24.55341277 24.55344438
52.10969553 0 0 0 0 17.89030447 NA
37.53398411 0 0 0 0 32.46601589 NA
61.66410574 0 0 0 0 8.335894265 NA
22.21090692 0 0 0 0 47.78909308 NA
30.56142549 0 0 0 0 39.43857451 NA
61.54256614 0 0 0 0 8.457433863 NA
21.99141223 0 0 0 0 48.00858777 NA
23.0765005 0 0 0 0 46.9234995 NA
39.35481101 0 0 0 0 30.64518899 NA
60.78178172 0 0 0 0 9.218218282 NA
24.39643618 0 0 0 0 45.60356382 NA
53.09981676 0 0 0 0 16.90018324 NA
66.37513022 0 0 0 0 3.624869778 NA
42.86523168 0 0 0 0 27.13476832 NA
22.49283663 0 0 0 0 47.50716337 NA
54.02804105 0 0 0 0 15.97195895 NA
40.92449232 0 0 0 0 29.07550768 NA
23.98004595 0 0 0 0 46.01995405 NA
