Hours	celsius	Unit	Luminosity
336	25	1	0.9704
336	25	2	0.9081
336	25	3	0.9483
336	25	4	0.9171
336	25	5	0.9872
336	25	6	1.0151
336	25	7	0.9814
336	25	8	0.9642
336	25	9	0.9262
336	25	10	0.9532
336	25	11	1.0055
336	25	12	0.9793
336	25	13	0.968
336	25	14	0.9284
336	25	15	0.9824
336	25	16	0.9396
336	25	17	0.9439
336	25	18	0.9512
336	25	19	0.9553
336	25	20	0.9747
336	25	21	0.9663
336	25	22	0.9749
336	25	23	0.9289
336	25	24	0.9704
336	25	25	0.9993
672	25	1	0.9439
672	25	2	0.8351
672	25	3	0.9485
672	25	4	0.8832
672	25	5	0.9688
672	25	6	0.9798
672	25	7	0.9571
672	25	8	0.9784
672	25	9	0.903
672	25	10	0.945
672	25	11	0.9882
672	25	12	0.9648
672	25	13	0.9883
672	25	14	0.936
672	25	15	0.9408
672	25	16	0.93
672	25	17	0.9076
672	25	18	0.9025
672	25	19	0.9248
672	25	20	0.9998
672	25	21	0.9591
672	25	22	0.9402
672	25	23	0.9488
672	25	24	0.9343
672	25	25	0.9749
1008	25	1	0.9614
1008	25	2	0.8663
1008	25	3	0.9348
1008	25	4	0.8893
1008	25	5	0.9264
1008	25	6	0.9834
1008	25	7	0.9439
1008	25	8	0.9514
1008	25	9	0.8627
1008	25	10	0.9524
1008	25	11	0.9329
1008	25	12	0.9585
1008	25	13	0.9527
1008	25	14	0.9198
1008	25	15	0.9302
1008	25	16	0.8748
1008	25	17	0.927
1008	25	18	0.9082
1008	25	19	0.9177
1008	25	20	0.9803
1008	25	21	0.9276
1008	25	22	0.9104
1008	25	23	0.8989
1008	25	24	0.9191
1008	25	25	0.9602
1344	25	1	0.9008
1344	25	2	0.8183
1344	25	3	0.9193
1344	25	4	0.8805
1344	25	5	0.9547
1344	25	6	0.9678
1344	25	7	0.9761
1344	25	8	0.899
1344	25	9	0.8498
1344	25	10	0.9275
1344	25	11	0.9453
1344	25	12	0.9705
1344	25	13	0.9343
1344	25	14	0.8853
1344	25	15	0.9065
1344	25	16	0.8764
1344	25	17	0.9279
1344	25	18	0.8931
1344	25	19	0.9134
1344	25	20	0.9429
1344	25	21	0.9195
1344	25	22	0.8834
1344	25	23	0.8783
1344	25	24	0.8936
1344	25	25	0.9905
1680	25	1	0.9273
1680	25	2	0.8304
1680	25	3	0.8926
1680	25	4	0.8388
1680	25	5	0.9385
1680	25	6	0.9219
1680	25	7	0.948
1680	25	8	0.9057
1680	25	9	0.8833
1680	25	10	0.9125
1680	25	11	0.9809
1680	25	12	0.9489
1680	25	13	0.964
1680	25	14	0.9004
1680	25	15	0.8852
1680	25	16	0.8696
1680	25	17	0.9023
1680	25	18	0.8591
1680	25	19	0.8928
1680	25	20	0.907
1680	25	21	0.9087
1680	25	22	0.8982
1680	25	23	0.8782
1680	25	24	0.8613
1680	25	25	0.9885
2016	25	1	0.8753
2016	25	2	0.7983
2016	25	3	0.8888
2016	25	4	0.8706
2016	25	5	0.9248
2016	25	6	0.9269
2016	25	7	0.9572
2016	25	8	0.9144
2016	25	9	0.8309
2016	25	10	0.91
2016	25	11	0.9303
2016	25	12	0.9629
2016	25	13	0.9502
2016	25	14	0.8572
2016	25	15	0.8691
2016	25	16	0.8686
2016	25	17	0.8999
2016	25	18	0.8387
2016	25	19	0.8844
2016	25	20	0.9328
2016	25	21	0.883
2016	25	22	0.8892
2016	25	23	0.8369
2016	25	24	0.8632
2016	25	25	0.9259
2352	25	1	0.8793
2352	25	2	0.798
2352	25	3	0.8957
2352	25	4	0.812
2352	25	5	0.9276
2352	25	6	0.9147
2352	25	7	0.9457
2352	25	8	0.9181
2352	25	9	0.8339
2352	25	10	0.8961
2352	25	11	0.9472
2352	25	12	0.9511
2352	25	13	0.9273
2352	25	14	0.8778
2352	25	15	0.858
2352	25	16	0.8597
2352	25	17	0.8764
2352	25	18	0.8372
2352	25	19	0.8851
2352	25	20	0.9241
2352	25	21	0.8881
2352	25	22	0.8509
2352	25	23	0.8019
2352	25	24	0.8689
2352	25	25	0.9548
2688	25	1	0.9106
2688	25	2	0.7888
2688	25	3	0.8518
2688	25	4	0.8432
2688	25	5	0.9221
2688	25	6	0.9308
2688	25	7	0.9331
2688	25	8	0.9058
2688	25	9	0.8048
2688	25	10	0.8845
2688	25	11	0.9182
2688	25	12	0.9441
2688	25	13	0.9469
2688	25	14	0.8819
2688	25	15	0.8477
2688	25	16	0.823
2688	25	17	0.8811
2688	25	18	0.8339
2688	25	19	0.867
2688	25	20	0.9212
2688	25	21	0.8677
2688	25	22	0.8627
2688	25	23	0.8284
2688	25	24	0.818
2688	25	25	1.012
3024	25	1	0.8572
3024	25	2	0.7656
3024	25	3	0.8511
3024	25	4	0.817
3024	25	5	0.8826
3024	25	6	0.8963
3024	25	7	0.9425
3024	25	8	0.8976
3024	25	9	0.8265
3024	25	10	0.8623
3024	25	11	0.9169
3024	25	12	0.9591
3024	25	13	0.9442
3024	25	14	0.8798
3024	25	15	0.8265
3024	25	16	0.7958
3024	25	17	0.8534
3024	25	18	0.8409
3024	25	19	0.8568
3024	25	20	0.8968
3024	25	21	0.8423
3024	25	22	0.8387
3024	25	23	0.783
3024	25	24	0.8221
3024	25	25	0.9959
3360	25	1	0.8572
3360	25	2	0.7768
3360	25	3	0.8631
3360	25	4	0.775
3360	25	5	0.9039
3360	25	6	0.9205
3360	25	7	0.9464
3360	25	8	0.8881
3360	25	9	0.7952
3360	25	10	0.8457
3360	25	11	0.8807
3360	25	12	0.9844
3360	25	13	0.9038
3360	25	14	0.8555
3360	25	15	0.8172
3360	25	16	0.8114
3360	25	17	0.8604
3360	25	18	0.8021
3360	25	19	0.8416
3360	25	20	0.9257
3360	25	21	0.8279
3360	25	22	0.8366
3360	25	23	0.793
3360	25	24	0.8006
3360	25	25	0.9426
3696	25	1	0.8698
3696	25	2	0.7544
3696	25	3	0.8463
3696	25	4	0.8072
3696	25	5	0.8799
3696	25	6	0.9145
3696	25	7	0.9178
3696	25	8	0.8955
3696	25	9	0.8049
3696	25	10	0.8876
3696	25	11	0.9132
3696	25	12	0.9389
3696	25	13	0.9254
3696	25	14	0.8307
3696	25	15	0.8378
3696	25	16	0.8093
3696	25	17	0.8426
3696	25	18	0.7951
3696	25	19	0.8449
3696	25	20	0.9068
3696	25	21	0.8082
3696	25	22	0.7974
3696	25	23	0.8194
3696	25	24	0.8135
3696	25	25	0.9428
4032	25	1	0.8369
4032	25	2	0.737
4032	25	3	0.8594
4032	25	4	0.8003
4032	25	5	0.8552
4032	25	6	0.9076
4032	25	7	0.9152
4032	25	8	0.8568
4032	25	9	0.8164
4032	25	10	0.8537
4032	25	11	0.9089
4032	25	12	0.9131
4032	25	13	0.9236
4032	25	14	0.8201
4032	25	15	0.7898
4032	25	16	0.7928
4032	25	17	0.8693
4032	25	18	0.7557
4032	25	19	0.8295
4032	25	20	0.9085
4032	25	21	0.8001
4032	25	22	0.7907
4032	25	23	0.7791
4032	25	24	0.756
4032	25	25	0.9442
4368	25	1	0.839
4368	25	2	0.7056
4368	25	3	0.8282
4368	25	4	0.7571
4368	25	5	0.872
4368	25	6	0.8913
4368	25	7	0.891
4368	25	8	0.8756
4368	25	9	0.7855
4368	25	10	0.8735
4368	25	11	0.8994
4368	25	12	0.9459
4368	25	13	0.8951
4368	25	14	0.8008
4368	25	15	0.7646
4368	25	16	0.7926
4368	25	17	0.832
4368	25	18	0.7804
4368	25	19	0.8552
4368	25	20	0.9189
4368	25	21	0.7993
4368	25	22	0.7978
4368	25	23	0.769
4368	25	24	0.7617
4368	25	25	0.9278
4704	25	1	0.7949
4704	25	2	0.7628
4704	25	3	0.8518
4704	25	4	0.793
4704	25	5	0.8824
4704	25	6	0.9049
4704	25	7	0.8874
4704	25	8	0.8335
4704	25	9	0.7949
4704	25	10	0.8481
4704	25	11	0.9243
4704	25	12	0.912
4704	25	13	0.889
4704	25	14	0.7932
4704	25	15	0.7585
4704	25	16	0.7966
4704	25	17	0.8337
4704	25	18	0.8041
4704	25	19	0.8415
4704	25	20	0.9304
4704	25	21	0.796
4704	25	22	0.7795
4704	25	23	0.7887
4704	25	24	0.7449
4704	25	25	0.939
5040	25	1	0.8113
5040	25	2	0.7706
5040	25	3	0.8619
5040	25	4	0.7695
5040	25	5	0.8706
5040	25	6	0.9048
5040	25	7	0.9114
5040	25	8	0.8738
5040	25	9	0.7963
5040	25	10	0.8376
5040	25	11	0.9235
5040	25	12	0.9102
5040	25	13	0.9286
5040	25	14	0.8171
5040	25	15	0.7643
5040	25	16	0.7683
5040	25	17	0.8538
5040	25	18	0.7485
5040	25	19	0.8188
5040	25	20	0.8948
5040	25	21	0.7993
5040	25	22	0.7806
5040	25	23	0.7537
5040	25	24	0.7384
5040	25	25	0.9604
5376	25	1	0.7658
5376	25	2	0.73
5376	25	3	0.8385
5376	25	4	0.7768
5376	25	5	0.8732
5376	25	6	0.9052
5376	25	7	0.8974
5376	25	8	0.8392
5376	25	9	0.7711
5376	25	10	0.8466
5376	25	11	0.8629
5376	25	12	0.9349
5376	25	13	0.8948
5376	25	14	0.7942
5376	25	15	0.7495
5376	25	16	0.7573
5376	25	17	0.8229
5376	25	18	0.7813
5376	25	19	0.7959
5376	25	20	0.8694
5376	25	21	0.7653
5376	25	22	0.7971
5376	25	23	0.7616
5376	25	24	0.7381
5376	25	25	0.962
5712	25	1	0.8094
5712	25	2	0.7047
5712	25	3	0.8275
5712	25	4	0.7662
5712	25	5	0.8398
5712	25	6	0.8567
5712	25	7	0.886
5712	25	8	0.8488
5712	25	9	0.7762
5712	25	10	0.8462
5712	25	11	0.8932
5712	25	12	0.9001
5712	25	13	0.8967
5712	25	14	0.7911
5712	25	15	0.7784
5712	25	16	0.7617
5712	25	17	0.8292
5712	25	18	0.7625
5712	25	19	0.803
5712	25	20	0.8713
5712	25	21	0.7726
5712	25	22	0.771
5712	25	23	0.7365
5712	25	24	0.7324
5712	25	25	0.9385
6048	25	1	0.761
6048	25	2	0.7203
6048	25	3	0.8128
6048	25	4	0.758
6048	25	5	0.8042
6048	25	6	0.8589
6048	25	7	0.892
6048	25	8	0.8475
6048	25	9	0.7731
6048	25	10	0.8493
6048	25	11	0.87
6048	25	12	0.9202
6048	25	13	0.8967
6048	25	14	0.7989
6048	25	15	0.7421
6048	25	16	0.7527
6048	25	17	0.7972
6048	25	18	0.745
6048	25	19	0.7811
6048	25	20	0.8693
6048	25	21	0.7273
6048	25	22	0.786
6048	25	23	0.7435
6048	25	24	0.7098
6048	25	25	0.9662
6384	25	1	0.8047
6384	25	2	0.7087
6384	25	3	0.8097
6384	25	4	0.7673
6384	25	5	0.833
6384	25	6	0.8652
6384	25	7	0.8954
6384	25	8	0.8399
6384	25	9	0.7789
6384	25	10	0.8301
6384	25	11	0.8864
6384	25	12	0.9245
6384	25	13	0.8613
6384	25	14	0.7796
6384	25	15	0.7334
6384	25	16	0.7693
6384	25	17	0.7756
6384	25	18	0.7379
6384	25	19	0.8106
6384	25	20	0.8846
6384	25	21	0.7389
6384	25	22	0.7614
6384	25	23	0.7282
6384	25	24	0.6991
6384	25	25	0.9427
6720	25	1	0.7731
6720	25	2	0.7201
6720	25	3	0.7861
6720	25	4	0.7431
6720	25	5	0.841
6720	25	6	0.8227
6720	25	7	0.8627
6720	25	8	0.8245
6720	25	9	0.7492
6720	25	10	0.8117
6720	25	11	0.878
6720	25	12	0.8824
6720	25	13	0.9011
6720	25	14	0.7698
6720	25	15	0.7602
6720	25	16	0.7524
6720	25	17	0.8138
6720	25	18	0.7479
6720	25	19	0.8115
6720	25	20	0.8828
6720	25	21	0.7706
6720	25	22	0.7561
6720	25	23	0.7209
6720	25	24	0.6862
6720	25	25	0.9341
7056	25	1	0.7853
7056	25	2	0.6961
7056	25	3	0.7874
7056	25	4	0.7128
7056	25	5	0.8338
7056	25	6	0.8514
7056	25	7	0.881
7056	25	8	0.8277
7056	25	9	0.759
7056	25	10	0.8426
7056	25	11	0.8859
7056	25	12	0.9066
7056	25	13	0.9085
7056	25	14	0.7615
7056	25	15	0.6877
7056	25	16	0.7267
7056	25	17	0.7611
7056	25	18	0.7087
7056	25	19	0.7771
7056	25	20	0.8691
7056	25	21	0.7285
7056	25	22	0.7569
7056	25	23	0.732
7056	25	24	0.6832
7056	25	25	0.9641
7392	25	1	0.7681
7392	25	2	0.7152
7392	25	3	0.7777
7392	25	4	0.7206
7392	25	5	0.7922
7392	25	6	0.8747
7392	25	7	0.8649
7392	25	8	0.8252
7392	25	9	0.765
7392	25	10	0.8161
7392	25	11	0.8951
7392	25	12	0.8965
7392	25	13	0.8714
7392	25	14	0.7541
7392	25	15	0.6894
7392	25	16	0.7321
7392	25	17	0.8023
7392	25	18	0.7304
7392	25	19	0.7619
7392	25	20	0.8595
7392	25	21	0.7383
7392	25	22	0.7193
7392	25	23	0.7161
7392	25	24	0.6799
7392	25	25	0.942
7728	25	1	0.7555
7728	25	2	0.718
7728	25	3	0.7682
7728	25	4	0.7443
7728	25	5	0.8285
7728	25	6	0.8787
7728	25	7	0.8713
7728	25	8	0.7972
7728	25	9	0.7312
7728	25	10	0.8507
7728	25	11	0.8551
7728	25	12	0.8741
7728	25	13	0.8764
7728	25	14	0.7751
7728	25	15	0.6884
7728	25	16	0.7517
7728	25	17	0.7675
7728	25	18	0.7106
7728	25	19	0.7772
7728	25	20	0.8774
7728	25	21	0.7619
7728	25	22	0.7152
7728	25	23	0.6967
7728	25	24	0.6793
7728	25	25	0.94
8064	25	1	0.7531
8064	25	2	0.6998
8064	25	3	0.7684
8064	25	4	0.7096
8064	25	5	0.8066
8064	25	6	0.8266
8064	25	7	0.8476
8064	25	8	0.8115
8064	25	9	0.7449
8064	25	10	0.7979
8064	25	11	0.812
8064	25	12	0.8891
8064	25	13	0.9154
8064	25	14	0.7297
8064	25	15	0.6928
8064	25	16	0.7239
8064	25	17	0.7496
8064	25	18	0.7047
8064	25	19	0.7634
8064	25	20	0.8671
8064	25	21	0.7257
8064	25	22	0.7585
8064	25	23	0.7161
8064	25	24	0.6618
8064	25	25	0.9577
8400	25	1	0.7574
8400	25	2	0.6744
8400	25	3	0.7575
8400	25	4	0.7015
8400	25	5	0.7927
8400	25	6	0.8423
8400	25	7	0.8712
8400	25	8	0.7999
8400	25	9	0.77
8400	25	10	0.797
8400	25	11	0.8884
8400	25	12	0.8854
8400	25	13	0.8654
8400	25	14	0.7696
8400	25	15	0.6598
8400	25	16	0.7361
8400	25	17	0.7691
8400	25	18	0.7451
8400	25	19	0.7625
8400	25	20	0.8706
8400	25	21	0.6993
8400	25	22	0.7222
8400	25	23	0.6929
8400	25	24	0.6677
8400	25	25	0.9106
8736	25	1	0.7496
8736	25	2	0.7155
8736	25	3	0.7683
8736	25	4	0.7304
8736	25	5	0.7643
8736	25	6	0.8153
8736	25	7	0.8605
8736	25	8	0.806
8736	25	9	0.7379
8736	25	10	0.8015
8736	25	11	0.8781
8736	25	12	0.8846
8736	25	13	0.8893
8736	25	14	0.7431
8736	25	15	0.669
8736	25	16	0.7333
8736	25	17	0.7479
8736	25	18	0.6951
8736	25	19	0.7516
8736	25	20	0.8574
8736	25	21	0.6865
8736	25	22	0.7426
8736	25	23	0.6862
8736	25	24	0.6383
8736	25	25	0.932
9072	25	1	0.7396
9072	25	2	0.7133
9072	25	3	0.7549
9072	25	4	0.7528
9072	25	5	0.7922
9072	25	6	0.8144
9072	25	7	0.8333
9072	25	8	0.817
9072	25	9	0.7522
9072	25	10	0.8069
9072	25	11	0.8954
9072	25	12	0.8784
9072	25	13	0.8806
9072	25	14	0.75
9072	25	15	0.646
9072	25	16	0.7256
9072	25	17	0.7763
9072	25	18	0.6821
9072	25	19	0.7493
9072	25	20	0.8484
9072	25	21	0.695
9072	25	22	0.7312
9072	25	23	0.6807
9072	25	24	0.6322
9072	25	25	0.9289
9408	25	1	0.7212
9408	25	2	0.6708
9408	25	3	0.7572
9408	25	4	0.7133
9408	25	5	0.8036
9408	25	6	0.8105
9408	25	7	0.8306
9408	25	8	0.8162
9408	25	9	0.71
9408	25	10	0.8001
9408	25	11	0.8601
9408	25	12	0.8843
9408	25	13	0.8515
9408	25	14	0.7259
9408	25	15	0.641
9408	25	16	0.6974
9408	25	17	0.7688
9408	25	18	0.6842
9408	25	19	0.7535
9408	25	20	0.843
9408	25	21	0.688
9408	25	22	0.7244
9408	25	23	0.6835
9408	25	24	0.6252
9408	25	25	0.958
9744	25	1	0.7262
9744	25	2	0.6841
9744	25	3	0.7486
9744	25	4	0.7489
9744	25	5	0.7992
9744	25	6	0.8281
9744	25	7	0.8166
9744	25	8	0.7806
9744	25	9	0.7245
9744	25	10	0.7936
9744	25	11	0.907
9744	25	12	0.8922
9744	25	13	0.8648
9744	25	14	0.7333
9744	25	15	0.6292
9744	25	16	0.7448
9744	25	17	0.7128
9744	25	18	0.6654
9744	25	19	0.764
9744	25	20	0.8385
9744	25	21	0.6773
9744	25	22	0.7247
9744	25	23	0.6458
9744	25	24	0.6347
9744	25	25	0.9166
336	65	26	0.9538
336	65	27	0.9746
336	65	28	0.9007
336	65	29	0.9188
336	65	30	0.916
336	65	31	0.9361
336	65	32	0.9206
336	65	33	0.9015
336	65	34	0.9112
336	65	35	0.8681
336	65	36	0.906
336	65	37	0.9176
336	65	38	0.9258
336	65	39	0.9281
336	65	40	0.9472
336	65	41	0.9805
336	65	42	0.9307
336	65	43	0.9736
336	65	44	0.9069
336	65	45	0.9029
336	65	46	0.9696
336	65	47	0.9244
336	65	48	0.9608
336	65	49	0.9175
336	65	50	0.8887
672	65	26	0.8857
672	65	27	0.9047
672	65	28	0.8384
672	65	29	0.9049
672	65	30	0.8673
672	65	31	0.9166
672	65	32	0.8548
672	65	33	0.8415
672	65	34	0.8941
672	65	35	0.833
672	65	36	0.873
672	65	37	0.8979
672	65	38	0.8431
672	65	39	0.8747
672	65	40	0.9134
672	65	41	0.9495
672	65	42	0.9119
672	65	43	0.9178
672	65	44	0.8994
672	65	45	0.8356
672	65	46	0.9159
672	65	47	0.8951
672	65	48	0.9474
672	65	49	0.8975
672	65	50	0.8853
1008	65	26	0.8879
1008	65	27	0.9069
1008	65	28	0.8052
1008	65	29	0.8478
1008	65	30	0.842
1008	65	31	0.8854
1008	65	32	0.8073
1008	65	33	0.8061
1008	65	34	0.8807
1008	65	35	0.7971
1008	65	36	0.8442
1008	65	37	0.8885
1008	65	38	0.8224
1008	65	39	0.82
1008	65	40	0.9101
1008	65	41	0.8727
1008	65	42	0.8924
1008	65	43	0.9454
1008	65	44	0.8854
1008	65	45	0.7955
1008	65	46	0.8919
1008	65	47	0.872
1008	65	48	0.9184
1008	65	49	0.8475
1008	65	50	0.8347
1344	65	26	0.8635
1344	65	27	0.8565
1344	65	28	0.7848
1344	65	29	0.8298
1344	65	30	0.7947
1344	65	31	0.8668
1344	65	32	0.8268
1344	65	33	0.7869
1344	65	34	0.8132
1344	65	35	0.7653
1344	65	36	0.8164
1344	65	37	0.8314
1344	65	38	0.7848
1344	65	39	0.833
1344	65	40	0.9281
1344	65	41	0.8615
1344	65	42	0.8844
1344	65	43	0.8924
1344	65	44	0.8407
1344	65	45	0.7202
1344	65	46	0.8939
1344	65	47	0.8365
1344	65	48	0.9124
1344	65	49	0.8739
1344	65	50	0.7993
1680	65	26	0.835
1680	65	27	0.8756
1680	65	28	0.7602
1680	65	29	0.7993
1680	65	30	0.7484
1680	65	31	0.8797
1680	65	32	0.7538
1680	65	33	0.7553
1680	65	34	0.8032
1680	65	35	0.7253
1680	65	36	0.7788
1680	65	37	0.8411
1680	65	38	0.7827
1680	65	39	0.803
1680	65	40	0.8616
1680	65	41	0.8106
1680	65	42	0.8849
1680	65	43	0.8728
1680	65	44	0.8707
1680	65	45	0.7383
1680	65	46	0.8384
1680	65	47	0.827
1680	65	48	0.9013
1680	65	49	0.8037
1680	65	50	0.7703
2016	65	26	0.8165
2016	65	27	0.8705
2016	65	28	0.7467
2016	65	29	0.8238
2016	65	30	0.7784
2016	65	31	0.8586
2016	65	32	0.7376
2016	65	33	0.728
2016	65	34	0.7617
2016	65	35	0.722
2016	65	36	0.7566
2016	65	37	0.8232
2016	65	38	0.7528
2016	65	39	0.7785
2016	65	40	0.8798
2016	65	41	0.8191
2016	65	42	0.8341
2016	65	43	0.8642
2016	65	44	0.8501
2016	65	45	0.7216
2016	65	46	0.8568
2016	65	47	0.7967
2016	65	48	0.891
2016	65	49	0.7845
2016	65	50	0.7922
2352	65	26	0.8034
2352	65	27	0.8514
2352	65	28	0.7382
2352	65	29	0.7612
2352	65	30	0.7621
2352	65	31	0.8136
2352	65	32	0.72
2352	65	33	0.7525
2352	65	34	0.7555
2352	65	35	0.6975
2352	65	36	0.7341
2352	65	37	0.8285
2352	65	38	0.7314
2352	65	39	0.7393
2352	65	40	0.868
2352	65	41	0.8308
2352	65	42	0.818
2352	65	43	0.8584
2352	65	44	0.8293
2352	65	45	0.6717
2352	65	46	0.8067
2352	65	47	0.7658
2352	65	48	0.8973
2352	65	49	0.789
2352	65	50	0.7174
2688	65	26	0.7824
2688	65	27	0.8491
2688	65	28	0.7196
2688	65	29	0.7867
2688	65	30	0.7083
2688	65	31	0.7988
2688	65	32	0.7069
2688	65	33	0.7047
2688	65	34	0.739
2688	65	35	0.6596
2688	65	36	0.7424
2688	65	37	0.7765
2688	65	38	0.7105
2688	65	39	0.7594
2688	65	40	0.8425
2688	65	41	0.7938
2688	65	42	0.8227
2688	65	43	0.8556
2688	65	44	0.7937
2688	65	45	0.6784
2688	65	46	0.8226
2688	65	47	0.7436
2688	65	48	0.8818
2688	65	49	0.7422
2688	65	50	0.7275
3024	65	26	0.7959
3024	65	27	0.8538
3024	65	28	0.7376
3024	65	29	0.7578
3024	65	30	0.7095
3024	65	31	0.773
3024	65	32	0.6831
3024	65	33	0.6601
3024	65	34	0.6933
3024	65	35	0.6404
3024	65	36	0.7206
3024	65	37	0.7849
3024	65	38	0.7184
3024	65	39	0.7479
3024	65	40	0.8586
3024	65	41	0.7408
3024	65	42	0.7901
3024	65	43	0.8126
3024	65	44	0.8077
3024	65	45	0.6716
3024	65	46	0.7818
3024	65	47	0.7186
3024	65	48	0.8768
3024	65	49	0.7517
3024	65	50	0.7079
3360	65	26	0.7761
3360	65	27	0.8469
3360	65	28	0.6713
3360	65	29	0.741
3360	65	30	0.7079
3360	65	31	0.7617
3360	65	32	0.6884
3360	65	33	0.6715
3360	65	34	0.6727
3360	65	35	0.6391
3360	65	36	0.6816
3360	65	37	0.773
3360	65	38	0.7103
3360	65	39	0.7053
3360	65	40	0.8213
3360	65	41	0.7513
3360	65	42	0.7922
3360	65	43	0.8183
3360	65	44	0.791
3360	65	45	0.6375
3360	65	46	0.7671
3360	65	47	0.6744
3360	65	48	0.8697
3360	65	49	0.7408
3360	65	50	0.696
3696	65	26	0.7572
3696	65	27	0.8209
3696	65	28	0.6543
3696	65	29	0.7223
3696	65	30	0.687
3696	65	31	0.7633
3696	65	32	0.6452
3696	65	33	0.6274
3696	65	34	0.7232
3696	65	35	0.6497
3696	65	36	0.668
3696	65	37	0.7314
3696	65	38	0.6643
3696	65	39	0.6837
3696	65	40	0.8235
3696	65	41	0.7119
3696	65	42	0.8062
3696	65	43	0.8076
3696	65	44	0.7656
3696	65	45	0.6106
3696	65	46	0.7385
3696	65	47	0.7089
3696	65	48	0.8519
3696	65	49	0.7132
3696	65	50	0.6881
4032	65	26	0.7451
4032	65	27	0.8035
4032	65	28	0.6683
4032	65	29	0.7104
4032	65	30	0.6837
4032	65	31	0.744
4032	65	32	0.6359
4032	65	33	0.6307
4032	65	34	0.6827
4032	65	35	0.6129
4032	65	36	0.6475
4032	65	37	0.7568
4032	65	38	0.7001
4032	65	39	0.662
4032	65	40	0.8135
4032	65	41	0.7077
4032	65	42	0.7608
4032	65	43	0.8116
4032	65	44	0.7721
4032	65	45	0.6211
4032	65	46	0.7409
4032	65	47	0.6559
4032	65	48	0.8492
4032	65	49	0.7128
4032	65	50	0.6821
4368	65	26	0.7203
4368	65	27	0.7894
4368	65	28	0.661
4368	65	29	0.6849
4368	65	30	0.6906
4368	65	31	0.7436
4368	65	32	0.6147
4368	65	33	0.616
4368	65	34	0.6646
4368	65	35	0.6219
4368	65	36	0.6626
4368	65	37	0.7227
4368	65	38	0.668
4368	65	39	0.6536
4368	65	40	0.7957
4368	65	41	0.6807
4368	65	42	0.7361
4368	65	43	0.7923
4368	65	44	0.7489
4368	65	45	0.5874
4368	65	46	0.7531
4368	65	47	0.6543
4368	65	48	0.8359
4368	65	49	0.7042
4368	65	50	0.6639
4704	65	26	0.7343
4704	65	27	0.8028
4704	65	28	0.6518
4704	65	29	0.6829
4704	65	30	0.6383
4704	65	31	0.7432
4704	65	32	0.6057
4704	65	33	0.5953
4704	65	34	0.6539
4704	65	35	0.5998
4704	65	36	0.6571
4704	65	37	0.7404
4704	65	38	0.6577
4704	65	39	0.6591
4704	65	40	0.8101
4704	65	41	0.6985
4704	65	42	0.7408
4704	65	43	0.7752
4704	65	44	0.7358
4704	65	45	0.6204
4704	65	46	0.7221
4704	65	47	0.6565
4704	65	48	0.8682
4704	65	49	0.6824
4704	65	50	0.6648
5040	65	26	0.7416
5040	65	27	0.8189
5040	65	28	0.5946
5040	65	29	0.6805
5040	65	30	0.6489
5040	65	31	0.692
5040	65	32	0.5857
5040	65	33	0.6282
5040	65	34	0.6487
5040	65	35	0.5836
5040	65	36	0.6187
5040	65	37	0.7044
5040	65	38	0.6323
5040	65	39	0.618
5040	65	40	0.7682
5040	65	41	0.6929
5040	65	42	0.7449
5040	65	43	0.7601
5040	65	44	0.7336
5040	65	45	0.6251
5040	65	46	0.72
5040	65	47	0.6188
5040	65	48	0.8278
5040	65	49	0.6841
5040	65	50	0.6463
5376	65	26	0.7232
5376	65	27	0.795
5376	65	28	0.5995
5376	65	29	0.648
5376	65	30	0.6335
5376	65	31	0.7011
5376	65	32	0.5999
5376	65	33	0.6057
5376	65	34	0.6225
5376	65	35	0.5922
5376	65	36	0.6056
5376	65	37	0.7257
5376	65	38	0.631
5376	65	39	0.6148
5376	65	40	0.8219
5376	65	41	0.681
5376	65	42	0.725
5376	65	43	0.7631
5376	65	44	0.7444
5376	65	45	0.5834
5376	65	46	0.6628
5376	65	47	0.6102
5376	65	48	0.8459
5376	65	49	0.662
5376	65	50	0.6624
5712	65	26	0.7175
5712	65	27	0.7934
5712	65	28	0.6461
5712	65	29	0.6765
5712	65	30	0.6401
5712	65	31	0.7079
5712	65	32	0.5986
5712	65	33	0.6032
5712	65	34	0.5971
5712	65	35	0.5598
5712	65	36	0.5962
5712	65	37	0.6816
5712	65	38	0.6366
5712	65	39	0.6065
5712	65	40	0.758
5712	65	41	0.642
5712	65	42	0.7273
5712	65	43	0.7427
5712	65	44	0.7551
5712	65	45	0.558
5712	65	46	0.6499
5712	65	47	0.5897
5712	65	48	0.8097
5712	65	49	0.6333
5712	65	50	0.6235
6048	65	26	0.7079
6048	65	27	0.7607
6048	65	28	0.5982
6048	65	29	0.6536
6048	65	30	0.6185
6048	65	31	0.6798
6048	65	32	0.5848
6048	65	33	0.5836
6048	65	34	0.5939
6048	65	35	0.5553
6048	65	36	0.5948
6048	65	37	0.659
6048	65	38	0.6314
6048	65	39	0.615
6048	65	40	0.7728
6048	65	41	0.6299
6048	65	42	0.7223
6048	65	43	0.7378
6048	65	44	0.7348
6048	65	45	0.5383
6048	65	46	0.66
6048	65	47	0.5977
6048	65	48	0.8299
6048	65	49	0.6477
6048	65	50	0.6106
6384	65	26	0.6831
6384	65	27	0.7805
6384	65	28	0.6403
6384	65	29	0.6266
6384	65	30	0.6086
6384	65	31	0.6884
6384	65	32	0.581
6384	65	33	0.5712
6384	65	34	0.6036
6384	65	35	0.5628
6384	65	36	0.5825
6384	65	37	0.689
6384	65	38	0.5921
6384	65	39	0.5778
6384	65	40	0.7671
6384	65	41	0.5957
6384	65	42	0.7112
6384	65	43	0.7303
6384	65	44	0.7058
6384	65	45	0.5536
6384	65	46	0.674
6384	65	47	0.5834
6384	65	48	0.8271
6384	65	49	0.6164
6384	65	50	0.6037
6720	65	26	0.6873
6720	65	27	0.7953
6720	65	28	0.5903
6720	65	29	0.6432
6720	65	30	0.6284
6720	65	31	0.6991
6720	65	32	0.5579
6720	65	33	0.5604
6720	65	34	0.5822
6720	65	35	0.5522
6720	65	36	0.5748
6720	65	37	0.6933
6720	65	38	0.5797
6720	65	39	0.5749
6720	65	40	0.7522
6720	65	41	0.5959
6720	65	42	0.7159
6720	65	43	0.7241
6720	65	44	0.7402
6720	65	45	0.5425
6720	65	46	0.6439
6720	65	47	0.5133
6720	65	48	0.8066
6720	65	49	0.5768
6720	65	50	0.5941
7056	65	26	0.6841
7056	65	27	0.7665
7056	65	28	0.6024
7056	65	29	0.6116
7056	65	30	0.6058
7056	65	31	0.6514
7056	65	32	0.5615
7056	65	33	0.5776
7056	65	34	0.5926
7056	65	35	0.5569
7056	65	36	0.5791
7056	65	37	0.6551
7056	65	38	0.5742
7056	65	39	0.5506
7056	65	40	0.7492
7056	65	41	0.5931
7056	65	42	0.7131
7056	65	43	0.7266
7056	65	44	0.73
7056	65	45	0.5367
7056	65	46	0.6474
7056	65	47	0.5724
7056	65	48	0.7816
7056	65	49	0.5949
7056	65	50	0.6069
7392	65	26	0.6402
7392	65	27	0.7694
7392	65	28	0.6039
7392	65	29	0.6314
7392	65	30	0.5864
7392	65	31	0.6647
7392	65	32	0.5564
7392	65	33	0.5537
7392	65	34	0.5565
7392	65	35	0.5149
7392	65	36	0.5697
7392	65	37	0.6678
7392	65	38	0.6188
7392	65	39	0.5814
7392	65	40	0.6954
7392	65	41	0.5875
7392	65	42	0.7044
7392	65	43	0.7006
7392	65	44	0.6755
7392	65	45	0.5196
7392	65	46	0.6231
7392	65	47	0.5622
7392	65	48	0.8116
7392	65	49	0.5992
7392	65	50	0.576
7728	65	26	0.632
7728	65	27	0.7883
7728	65	28	0.588
7728	65	29	0.6283
7728	65	30	0.5902
7728	65	31	0.6346
7728	65	32	0.5388
7728	65	33	0.5072
7728	65	34	0.5801
7728	65	35	0.563
7728	65	36	0.5594
7728	65	37	0.6545
7728	65	38	0.599
7728	65	39	0.5499
7728	65	40	0.7259
7728	65	41	0.5757
7728	65	42	0.6975
7728	65	43	0.7192
7728	65	44	0.7324
7728	65	45	0.5405
7728	65	46	0.6197
7728	65	47	0.522
7728	65	48	0.8116
7728	65	49	0.5928
7728	65	50	0.5619
8064	65	26	0.651
8064	65	27	0.7481
8064	65	28	0.5608
8064	65	29	0.612
8064	65	30	0.5605
8064	65	31	0.6322
8064	65	32	0.533
8064	65	33	0.5384
8064	65	34	0.536
8064	65	35	0.5181
8064	65	36	0.5437
8064	65	37	0.6451
8064	65	38	0.5704
8064	65	39	0.5508
8064	65	40	0.724
8064	65	41	0.5574
8064	65	42	0.6985
8064	65	43	0.6688
8064	65	44	0.6821
8064	65	45	0.5271
8064	65	46	0.6195
8064	65	47	0.5357
8064	65	48	0.8196
8064	65	49	0.5832
8064	65	50	0.6068
8400	65	26	0.6302
8400	65	27	0.7405
8400	65	28	0.565
8400	65	29	0.6169
8400	65	30	0.5582
8400	65	31	0.6472
8400	65	32	0.5321
8400	65	33	0.5594
8400	65	34	0.5339
8400	65	35	0.5291
8400	65	36	0.5221
8400	65	37	0.6493
8400	65	38	0.55
8400	65	39	0.5244
8400	65	40	0.7231
8400	65	41	0.5571
8400	65	42	0.656
8400	65	43	0.7011
8400	65	44	0.6698
8400	65	45	0.5088
8400	65	46	0.6161
8400	65	47	0.5013
8400	65	48	0.7968
8400	65	49	0.5616
8400	65	50	0.5855
8736	65	26	0.6468
8736	65	27	0.7585
8736	65	28	0.5609
8736	65	29	0.6056
8736	65	30	0.5479
8736	65	31	0.6326
8736	65	32	0.5286
8736	65	33	0.5244
8736	65	34	0.553
8736	65	35	0.5307
8736	65	36	0.5545
8736	65	37	0.6496
8736	65	38	0.5836
8736	65	39	0.5398
8736	65	40	0.7063
8736	65	41	0.5662
8736	65	42	0.6546
8736	65	43	0.6771
8736	65	44	0.6984
8736	65	45	0.488
8736	65	46	0.5959
8736	65	47	0.5185
8736	65	48	0.7922
8736	65	49	0.5553
8736	65	50	0.5635
9072	65	26	0.6245
9072	65	27	0.7227
9072	65	28	0.5438
9072	65	29	0.6249
9072	65	30	0.5453
9072	65	31	0.6207
9072	65	32	0.5109
9072	65	33	0.4867
9072	65	34	0.5297
9072	65	35	0.4851
9072	65	36	0.5103
9072	65	37	0.6219
9072	65	38	0.5504
9072	65	39	0.5417
9072	65	40	0.714
9072	65	41	0.5641
9072	65	42	0.6585
9072	65	43	0.6888
9072	65	44	0.702
9072	65	45	0.5294
9072	65	46	0.5907
9072	65	47	0.5052
9072	65	48	0.8114
9072	65	49	0.593
9072	65	50	0.5563
9408	65	26	0.6312
9408	65	27	0.7514
9408	65	28	0.5628
9408	65	29	0.5763
9408	65	30	0.5608
9408	65	31	0.6364
9408	65	32	0.5181
9408	65	33	0.5078
9408	65	34	0.5169
9408	65	35	0.4901
9408	65	36	0.5098
9408	65	37	0.6388
9408	65	38	0.5407
9408	65	39	0.5265
9408	65	40	0.6615
9408	65	41	0.556
9408	65	42	0.6555
9408	65	43	0.6751
9408	65	44	0.684
9408	65	45	0.4964
9408	65	46	0.5807
9408	65	47	0.503
9408	65	48	0.7717
9408	65	49	0.5614
9408	65	50	0.5331
9744	65	26	0.6366
9744	65	27	0.7204
9744	65	28	0.5491
9744	65	29	0.5686
9744	65	30	0.5429
9744	65	31	0.578
9744	65	32	0.4956
9744	65	33	0.4765
9744	65	34	0.5325
9744	65	35	0.5048
9744	65	36	0.5487
9744	65	37	0.615
9744	65	38	0.5485
9744	65	39	0.498
9744	65	40	0.6967
9744	65	41	0.5488
9744	65	42	0.6388
9744	65	43	0.6727
9744	65	44	0.6913
9744	65	45	0.4773
9744	65	46	0.5649
9744	65	47	0.4773
9744	65	48	0.7727
9744	65	49	0.5404
9744	65	50	0.542
336	105	51	0.9104
336	105	52	0.7385
336	105	53	0.7912
336	105	54	0.8984
336	105	55	0.8754
336	105	56	0.8949
336	105	57	0.7856
336	105	58	0.8267
336	105	59	0.7953
336	105	60	0.8985
336	105	61	0.8844
336	105	62	0.9382
336	105	63	0.9029
336	105	64	0.8442
336	105	65	0.874
336	105	66	0.8505
336	105	67	0.9508
336	105	68	0.8493
336	105	69	0.6145
336	105	70	0.8559
336	105	71	0.9502
336	105	72	0.8971
336	105	73	0.8144
336	105	74	0.8649
336	105	75	0.794
672	105	51	0.8549
672	105	52	0.6122
672	105	53	0.7257
672	105	54	0.8616
672	105	55	0.8214
672	105	56	0.8067
672	105	57	0.7681
672	105	58	0.7318
672	105	59	0.7409
672	105	60	0.8275
672	105	61	0.8511
672	105	62	0.8322
672	105	63	0.8382
672	105	64	0.717
672	105	65	0.7895
672	105	66	0.794
672	105	67	0.8582
672	105	68	0.7966
672	105	69	0.5373
672	105	70	0.7804
672	105	71	0.8723
672	105	72	0.7984
672	105	73	0.7456
672	105	74	0.803
672	105	75	0.6921
1008	105	51	0.8196
1008	105	52	0.597
1008	105	53	0.6741
1008	105	54	0.8123
1008	105	55	0.7701
1008	105	56	0.7586
1008	105	57	0.7341
1008	105	58	0.6397
1008	105	59	0.6774
1008	105	60	0.7711
1008	105	61	0.8251
1008	105	62	0.8188
1008	105	63	0.8111
1008	105	64	0.6734
1008	105	65	0.7407
1008	105	66	0.7928
1008	105	67	0.8583
1008	105	68	0.7428
1008	105	69	0.4958
1008	105	70	0.7333
1008	105	71	0.8175
1008	105	72	0.7122
1008	105	73	0.6705
1008	105	74	0.789
1008	105	75	0.6009
1344	105	51	0.7986
1344	105	52	0.5503
1344	105	53	0.6302
1344	105	54	0.7894
1344	105	55	0.719
1344	105	56	0.7449
1344	105	57	0.6872
1344	105	58	0.5905
1344	105	59	0.6299
1344	105	60	0.7598
1344	105	61	0.7538
1344	105	62	0.7745
1344	105	63	0.8024
1344	105	64	0.5946
1344	105	65	0.7036
1344	105	66	0.707
1344	105	67	0.8001
1344	105	68	0.7163
1344	105	69	0.5025
1344	105	70	0.6581
1344	105	71	0.8097
1344	105	72	0.6745
1344	105	73	0.6525
1344	105	74	0.7529
1344	105	75	0.5858
1680	105	51	0.7731
1680	105	52	0.4778
1680	105	53	0.5822
1680	105	54	0.7334
1680	105	55	0.7423
1680	105	56	0.6984
1680	105	57	0.6364
1680	105	58	0.5557
1680	105	59	0.6014
1680	105	60	0.7352
1680	105	61	0.7633
1680	105	62	0.7398
1680	105	63	0.7742
1680	105	64	0.5535
1680	105	65	0.683
1680	105	66	0.6747
1680	105	67	0.7899
1680	105	68	0.6666
1680	105	69	0.4421
1680	105	70	0.6449
1680	105	71	0.784
1680	105	72	0.6723
1680	105	73	0.5796
1680	105	74	0.7178
1680	105	75	0.5901
2016	105	51	0.7795
2016	105	52	0.4806
2016	105	53	0.5711
2016	105	54	0.7381
2016	105	55	0.6691
2016	105	56	0.671
2016	105	57	0.646
2016	105	58	0.5136
2016	105	59	0.5775
2016	105	60	0.6577
2016	105	61	0.7779
2016	105	62	0.7342
2016	105	63	0.7243
2016	105	64	0.5023
2016	105	65	0.62
2016	105	66	0.6831
2016	105	67	0.7506
2016	105	68	0.653
2016	105	69	0.4341
2016	105	70	0.5878
2016	105	71	0.7357
2016	105	72	0.618
2016	105	73	0.5267
2016	105	74	0.6906
2016	105	75	0.5289
2352	105	51	0.731
2352	105	52	0.491
2352	105	53	0.5672
2352	105	54	0.6725
2352	105	55	0.6556
2352	105	56	0.637
2352	105	57	0.6013
2352	105	58	0.4839
2352	105	59	0.5478
2352	105	60	0.6235
2352	105	61	0.7187
2352	105	62	0.6712
2352	105	63	0.7229
2352	105	64	0.4847
2352	105	65	0.6149
2352	105	66	0.6554
2352	105	67	0.7327
2352	105	68	0.5959
2352	105	69	0.4132
2352	105	70	0.5416
2352	105	71	0.7231
2352	105	72	0.5937
2352	105	73	0.4844
2352	105	74	0.7052
2352	105	75	0.5178
2688	105	51	0.7287
2688	105	52	0.4485
2688	105	53	0.5304
2688	105	54	0.6534
2688	105	55	0.6257
2688	105	56	0.6232
2688	105	57	0.6038
2688	105	58	0.4414
2688	105	59	0.4922
2688	105	60	0.6204
2688	105	61	0.7078
2688	105	62	0.6561
2688	105	63	0.6894
2688	105	64	0.4741
2688	105	65	0.6079
2688	105	66	0.6525
2688	105	67	0.7074
2688	105	68	0.5728
2688	105	69	0.3794
2688	105	70	0.5313
2688	105	71	0.6817
2688	105	72	0.5902
2688	105	73	0.4736
2688	105	74	0.6907
2688	105	75	0.471
3024	105	51	0.6932
3024	105	52	0.4641
3024	105	53	0.5268
3024	105	54	0.6556
3024	105	55	0.5835
3024	105	56	0.6174
3024	105	57	0.5715
3024	105	58	0.4323
3024	105	59	0.5253
3024	105	60	0.6084
3024	105	61	0.7034
3024	105	62	0.6404
3024	105	63	0.6999
3024	105	64	0.4335
3024	105	65	0.5681
3024	105	66	0.5911
3024	105	67	0.7094
3024	105	68	0.5987
3024	105	69	0.4095
3024	105	70	0.528
3024	105	71	0.6684
3024	105	72	0.5388
3024	105	73	0.4533
3024	105	74	0.6452
3024	105	75	0.4715
3360	105	51	0.7082
3360	105	52	0.4258
3360	105	53	0.4963
3360	105	54	0.6115
3360	105	55	0.5487
3360	105	56	0.6096
3360	105	57	0.5487
3360	105	58	0.411
3360	105	59	0.49
3360	105	60	0.5994
3360	105	61	0.6899
3360	105	62	0.6176
3360	105	63	0.7191
3360	105	64	0.4073
3360	105	65	0.5767
3360	105	66	0.5982
3360	105	67	0.6947
3360	105	68	0.5702
3360	105	69	0.3849
3360	105	70	0.4927
3360	105	71	0.6865
3360	105	72	0.5296
3360	105	73	0.4392
3360	105	74	0.6377
3360	105	75	0.4289
3696	105	51	0.6763
3696	105	52	0.4084
3696	105	53	0.4973
3696	105	54	0.6223
3696	105	55	0.5885
3696	105	56	0.5623
3696	105	57	0.5495
3696	105	58	0.3864
3696	105	59	0.4826
3696	105	60	0.5446
3696	105	61	0.6303
3696	105	62	0.6007
3696	105	63	0.6747
3696	105	64	0.3957
3696	105	65	0.5587
3696	105	66	0.5749
3696	105	67	0.6458
3696	105	68	0.5524
3696	105	69	0.3545
3696	105	70	0.4449
3696	105	71	0.651
3696	105	72	0.4828
3696	105	73	0.4034
3696	105	74	0.629
3696	105	75	0.3967
4032	105	51	0.6632
4032	105	52	0.3677
4032	105	53	0.4905
4032	105	54	0.6195
4032	105	55	0.5781
4032	105	56	0.5607
4032	105	57	0.5263
4032	105	58	0.3693
4032	105	59	0.4571
4032	105	60	0.5527
4032	105	61	0.656
4032	105	62	0.5717
4032	105	63	0.674
4032	105	64	0.3927
4032	105	65	0.5304
4032	105	66	0.5813
4032	105	67	0.6448
4032	105	68	0.52
4032	105	69	0.3589
4032	105	70	0.4608
4032	105	71	0.6115
4032	105	72	0.4626
4032	105	73	0.3674
4032	105	74	0.6407
4032	105	75	0.4025
4368	105	51	0.6797
4368	105	52	0.3922
4368	105	53	0.4474
4368	105	54	0.5819
4368	105	55	0.5627
4368	105	56	0.5213
4368	105	57	0.502
4368	105	58	0.3582
4368	105	59	0.4824
4368	105	60	0.5453
4368	105	61	0.6188
4368	105	62	0.5758
4368	105	63	0.6492
4368	105	64	0.42
4368	105	65	0.5439
4368	105	66	0.5619
4368	105	67	0.6419
4368	105	68	0.5435
4368	105	69	0.3539
4368	105	70	0.4597
4368	105	71	0.6169
4368	105	72	0.4595
4368	105	73	0.3994
4368	105	74	0.6287
4368	105	75	0.3832
4704	105	51	0.6347
4704	105	52	0.4072
4704	105	53	0.4795
4704	105	54	0.5852
4704	105	55	0.5561
4704	105	56	0.5459
4704	105	57	0.4993
4704	105	58	0.3386
4704	105	59	0.4643
4704	105	60	0.5495
4704	105	61	0.6156
4704	105	62	0.5545
4704	105	63	0.6182
4704	105	64	0.3428
4704	105	65	0.5154
4704	105	66	0.57
4704	105	67	0.6594
4704	105	68	0.4803
4704	105	69	0.3331
4704	105	70	0.4121
4704	105	71	0.6138
4704	105	72	0.4695
4704	105	73	0.3528
4704	105	74	0.596
4704	105	75	0.3647
5040	105	51	0.6336
5040	105	52	0.3789
5040	105	53	0.4628
5040	105	54	0.5654
5040	105	55	0.5375
5040	105	56	0.536
5040	105	57	0.5245
5040	105	58	0.3479
5040	105	59	0.4651
5040	105	60	0.4969
5040	105	61	0.6447
5040	105	62	0.5638
5040	105	63	0.6199
5040	105	64	0.3403
5040	105	65	0.501
5040	105	66	0.5378
5040	105	67	0.6088
5040	105	68	0.5002
5040	105	69	0.3392
5040	105	70	0.3538
5040	105	71	0.573
5040	105	72	0.4488
5040	105	73	0.3698
5040	105	74	0.5852
5040	105	75	0.3412
5376	105	51	0.614
5376	105	52	0.3364
5376	105	53	0.4293
5376	105	54	0.5556
5376	105	55	0.5069
5376	105	56	0.5091
5376	105	57	0.5005
5376	105	58	0.3208
5376	105	59	0.4156
5376	105	60	0.4782
5376	105	61	0.6144
5376	105	62	0.5183
5376	105	63	0.6146
5376	105	64	0.3058
5376	105	65	0.5055
5376	105	66	0.5314
5376	105	67	0.6449
5376	105	68	0.4812
5376	105	69	0.3491
5376	105	70	0.3984
5376	105	71	0.5809
5376	105	72	0.4622
5376	105	73	0.3224
5376	105	74	0.578
5376	105	75	0.337
5712	105	51	0.62
5712	105	52	0.3477
5712	105	53	0.4203
5712	105	54	0.5018
5712	105	55	0.5163
5712	105	56	0.5155
5712	105	57	0.4887
5712	105	58	0.2886
5712	105	59	0.4138
5712	105	60	0.4714
5712	105	61	0.6041
5712	105	62	0.4934
5712	105	63	0.6164
5712	105	64	0.3176
5712	105	65	0.4382
5712	105	66	0.5085
5712	105	67	0.6055
5712	105	68	0.4715
5712	105	69	0.3564
5712	105	70	0.374
5712	105	71	0.5424
5712	105	72	0.4273
5712	105	73	0.3139
5712	105	74	0.5836
5712	105	75	0.3329
6048	105	51	0.6346
6048	105	52	0.3357
6048	105	53	0.4108
6048	105	54	0.492
6048	105	55	0.4821
6048	105	56	0.4854
6048	105	57	0.4633
6048	105	58	0.326
6048	105	59	0.408
6048	105	60	0.4325
6048	105	61	0.6065
6048	105	62	0.4877
6048	105	63	0.5877
6048	105	64	0.3174
6048	105	65	0.4683
6048	105	66	0.5025
6048	105	67	0.6176
6048	105	68	0.4848
6048	105	69	0.334
6048	105	70	0.3674
6048	105	71	0.5726
6048	105	72	0.4413
6048	105	73	0.3288
6048	105	74	0.5978
6048	105	75	0.2989
6384	105	51	0.6151
6384	105	52	0.3432
6384	105	53	0.403
6384	105	54	0.5262
6384	105	55	0.5158
6384	105	56	0.5105
6384	105	57	0.49
6384	105	58	0.2891
6384	105	59	0.4079
6384	105	60	0.4757
6384	105	61	0.5725
6384	105	62	0.4886
6384	105	63	0.569
6384	105	64	0.3046
6384	105	65	0.4776
6384	105	66	0.5067
6384	105	67	0.5903
6384	105	68	0.4692
6384	105	69	0.3365
6384	105	70	0.3121
6384	105	71	0.5249
6384	105	72	0.4103
6384	105	73	0.2903
6384	105	74	0.5479
6384	105	75	0.3251
6720	105	51	0.6021
6720	105	52	0.3374
6720	105	53	0.393
6720	105	54	0.5149
6720	105	55	0.447
6720	105	56	0.502
6720	105	57	0.4351
6720	105	58	0.2822
6720	105	59	0.3972
6720	105	60	0.4533
6720	105	61	0.6134
6720	105	62	0.4561
6720	105	63	0.6056
6720	105	64	0.2634
6720	105	65	0.4162
6720	105	66	0.4704
6720	105	67	0.5559
6720	105	68	0.4525
6720	105	69	0.3147
6720	105	70	0.3382
6720	105	71	0.5188
6720	105	72	0.4055
6720	105	73	0.2954
6720	105	74	0.5894
6720	105	75	0.291
7056	105	51	0.5802
7056	105	52	0.3347
7056	105	53	0.4031
7056	105	54	0.5185
7056	105	55	0.482
7056	105	56	0.4698
7056	105	57	0.4728
7056	105	58	0.2788
7056	105	59	0.3787
7056	105	60	0.4488
7056	105	61	0.5801
7056	105	62	0.5024
7056	105	63	0.5918
7056	105	64	0.28
7056	105	65	0.4002
7056	105	66	0.5011
7056	105	67	0.5917
7056	105	68	0.4542
7056	105	69	0.3077
7056	105	70	0.302
7056	105	71	0.5138
7056	105	72	0.4029
7056	105	73	0.3176
7056	105	74	0.5746
7056	105	75	0.3306
7392	105	51	0.5924
7392	105	52	0.3225
7392	105	53	0.3917
7392	105	54	0.4782
7392	105	55	0.4765
7392	105	56	0.454
7392	105	57	0.4357
7392	105	58	0.2967
7392	105	59	0.3737
7392	105	60	0.4077
7392	105	61	0.5572
7392	105	62	0.4942
7392	105	63	0.5547
7392	105	64	0.2683
7392	105	65	0.4228
7392	105	66	0.4698
7392	105	67	0.5753
7392	105	68	0.4382
7392	105	69	0.3127
7392	105	70	0.3156
7392	105	71	0.5437
7392	105	72	0.3523
7392	105	73	0.2804
7392	105	74	0.5626
7392	105	75	0.2717
7728	105	51	0.5891
7728	105	52	0.3356
7728	105	53	0.3822
7728	105	54	0.4976
7728	105	55	0.4237
7728	105	56	0.466
7728	105	57	0.4616
7728	105	58	0.2574
7728	105	59	0.3835
7728	105	60	0.432
7728	105	61	0.559
7728	105	62	0.4597
7728	105	63	0.5653
7728	105	64	0.2873
7728	105	65	0.4363
7728	105	66	0.4795
7728	105	67	0.5581
7728	105	68	0.4297
7728	105	69	0.3276
7728	105	70	0.3136
7728	105	71	0.4987
7728	105	72	0.3706
7728	105	73	0.2365
7728	105	74	0.5488
7728	105	75	0.2597
8064	105	51	0.5722
8064	105	52	0.311
8064	105	53	0.4315
8064	105	54	0.4709
8064	105	55	0.4504
8064	105	56	0.4418
8064	105	57	0.4546
8064	105	58	0.2627
8064	105	59	0.3658
8064	105	60	0.3936
8064	105	61	0.5532
8064	105	62	0.4293
8064	105	63	0.5527
8064	105	64	0.253
8064	105	65	0.4172
8064	105	66	0.4626
8064	105	67	0.5782
8064	105	68	0.4396
8064	105	69	0.3157
8064	105	70	0.2816
8064	105	71	0.4715
8064	105	72	0.3669
8064	105	73	0.2263
8064	105	74	0.5129
8064	105	75	0.2716
8400	105	51	0.5564
8400	105	52	0.3154
8400	105	53	0.3922
8400	105	54	0.4801
8400	105	55	0.4359
8400	105	56	0.4569
8400	105	57	0.425
8400	105	58	0.2693
8400	105	59	0.3527
8400	105	60	0.4121
8400	105	61	0.5488
8400	105	62	0.4503
8400	105	63	0.5514
8400	105	64	0.2781
8400	105	65	0.4242
8400	105	66	0.4836
8400	105	67	0.5449
8400	105	68	0.3982
8400	105	69	0.3285
8400	105	70	0.2829
8400	105	71	0.4526
8400	105	72	0.3588
8400	105	73	0.2667
8400	105	74	0.5366
8400	105	75	0.2629
8736	105	51	0.5657
8736	105	52	0.2915
8736	105	53	0.3857
8736	105	54	0.4414
8736	105	55	0.4444
8736	105	56	0.4084
8736	105	57	0.4474
8736	105	58	0.2438
8736	105	59	0.3824
8736	105	60	0.3674
8736	105	61	0.568
8736	105	62	0.395
8736	105	63	0.5269
8736	105	64	0.2377
8736	105	65	0.4043
8736	105	66	0.4392
8736	105	67	0.5638
8736	105	68	0.3894
8736	105	69	0.2619
8736	105	70	0.2807
8736	105	71	0.465
8736	105	72	0.3537
8736	105	73	0.2606
8736	105	74	0.5022
8736	105	75	0.2721
9072	105	51	0.556
9072	105	52	0.2927
9072	105	53	0.3552
9072	105	54	0.4581
9072	105	55	0.426
9072	105	56	0.4218
9072	105	57	0.4141
9072	105	58	0.2095
9072	105	59	0.3276
9072	105	60	0.3698
9072	105	61	0.5621
9072	105	62	0.435
9072	105	63	0.5182
9072	105	64	0.2611
9072	105	65	0.4212
9072	105	66	0.416
9072	105	67	0.5179
9072	105	68	0.3884
9072	105	69	0.2927
9072	105	70	0.3013
9072	105	71	0.4424
9072	105	72	0.3401
9072	105	73	0.2231
9072	105	74	0.4777
9072	105	75	0.2782
9408	105	51	0.524
9408	105	52	0.3112
9408	105	53	0.3718
9408	105	54	0.4311
9408	105	55	0.4342
9408	105	56	0.4095
9408	105	57	0.4162
9408	105	58	0.2291
9408	105	59	0.3602
9408	105	60	0.3765
9408	105	61	0.5264
9408	105	62	0.4184
9408	105	63	0.5413
9408	105	64	0.2577
9408	105	65	0.3846
9408	105	66	0.4615
9408	105	67	0.5373
9408	105	68	0.4057
9408	105	69	0.276
9408	105	70	0.2791
9408	105	71	0.4448
9408	105	72	0.3497
9408	105	73	0.2275
9408	105	74	0.5048
9408	105	75	0.2294
9744	105	51	0.5334
9744	105	52	0.2871
9744	105	53	0.3703
9744	105	54	0.4293
9744	105	55	0.4004
9744	105	56	0.4085
9744	105	57	0.4026
9744	105	58	0.2226
9744	105	59	0.3229
9744	105	60	0.3588
9744	105	61	0.5386
9744	105	62	0.3939
9744	105	63	0.5152
9744	105	64	0.2153
9744	105	65	0.4013
9744	105	66	0.442
9744	105	67	0.5134
9744	105	68	0.3495
9744	105	69	0.298
9744	105	70	0.2387
9744	105	71	0.4156
9744	105	72	0.3165
9744	105	73	0.267
9744	105	74	0.5126
9744	105	75	0.2385
