Inches	Kilocycles
30	59
30	91
30	72
30	49
30	53
30	48
30	71
30	79
30	93
30	25
30	84
30	93
30	131
30	50
30	63
30	99
30	113
30	133
30	101
30	44
30	88
30	132
30	152
30	93
30	98
30	107
30	128
30	140
30	121
30	84
30	91
30	143
30	158
30	97
30	218
30	121
30	132
30	142
30	124
30	119
30	117
30	182
30	164
30	117
30	222
30	144
30	143
30	222
30	130
30	157
30	129
30	189
30	219
30	120
30	229
30	152
30	181
30	282
30	139
30	174
30	134
30	208
30	238
30	163
30	244
30	173
30	203
30	287
30	212
30	187
30	152
30	260
30	271
30	240
30	272
30	182
30	243
30	344
30	236
30	202
30	203
30	314
30	324
30	368
30	333
30	217
30	363
30	366
30	308
30	258
30	297
30	502
30	347
30	573
30	531
30	273
30	365
30	512
30	353
40	33
40	32
40	50
40	18
40	37
40	36
40	31
40	10
40	34
40	44
40	57
40	64
40	60
40	47
40	97
40	37
40	60
40	44
40	36
40	45
40	71
40	108
40	61
40	51
40	112
40	65
40	79
40	64
40	54
40	94
40	109
40	113
40	65
40	84
40	118
40	72
40	99
40	83
40	68
40	111
40	110
40	172
40	94
40	136
40	133
40	73
40	100
40	87
40	124
40	112
40	112
40	178
40	133
40	144
40	137
40	94
40	122
40	113
40	125
40	119
40	113
40	185
40	138
40	164
40	145
40	117
40	137
40	121
40	143
40	126
40	124
40	195
40	183
40	208
40	166
40	132
40	150
40	126
40	148
40	127
40	137
40	223
40	221
40	209
40	259
40	143
40	152
40	219
40	239
40	139
40	160
40	271
40	240
40	312
40	325
40	181
40	189
40	256
40	314
50	62
50	67
50	28
50	22
50	30
50	19
50	30
50	19
50	24
50	35
50	88
50	77
50	45
50	27
50	31
50	27
50	37
50	52
50	31
50	38
50	97
50	81
50	54
50	69
50	43
50	34
50	41
50	53
50	42
50	75
50	100
50	89
50	64
50	72
50	72
50	74
50	45
50	62
50	46
50	86
50	114
50	93
50	80
50	74
50	80
50	78
50	50
50	67
50	61
50	91
50	116
50	111
50	103
50	88
50	89
50	106
50	64
50	75
50	85
50	107
50	153
50	123
50	131
50	97
50	93
50	110
50	76
50	107
50	120
50	115
50	160
50	145
50	137
50	99
50	132
50	203
50	77
50	133
50	146
50	129
50	161
50	312
50	146
50	145
50	140
50	232
50	115
50	197
50	159
50	182
50	260
50	373
50	188
50	237
50	144
50	264
50	191
50	228
50	164
50	194
60	23
60	39
60	23
60	29
60	24
60	11
60	27
60	45
60	21
60	36
60	52
60	36
60	36
60	46
60	25
60	48
60	63
60	50
60	28
60	37
60	60
60	55
60	51
60	54
60	30
60	55
60	68
60	54
60	44
60	43
60	64
60	56
60	57
60	63
60	31
60	77
60	81
60	69
60	66
60	70
60	77
60	64
60	60
60	70
60	62
60	82
60	82
60	73
60	68
60	98
60	80
60	76
60	64
60	76
60	96
60	86
60	114
60	80
60	89
60	103
60	82
60	86
60	86
60	77
60	118
60	91
60	119
60	88
60	92
60	112
60	94
60	99
60	105
60	84
60	119
60	97
60	142
60	89
60	106
60	119
60	109
60	100
60	147
60	102
60	130
60	109
60	147
60	114
60	107
60	143
60	121
60	114
60	187
60	144
60	156
60	190
60	194
60	175
60	120
70	28
70	33
70	23
70	41
70	32
70	28
70	31
70	46
70	21
70	39
70	39
70	51
70	30
70	63
70	37
70	35
70	38
70	55
70	24
70	44
70	40
70	60
70	52
70	69
70	40
70	78
70	39
70	60
70	40
70	48
70	47
70	74
70	63
70	77
70	48
70	79
70	45
70	61
70	50
70	50
70	51
70	75
70	66
70	81
70	62
70	110
70	50
70	68
70	56
70	51
70	67
70	76
70	73
70	84
70	63
70	118
70	56
70	80
70	59
70	76
70	70
70	80
70	80
70	98
70	78
70	134
70	58
70	81
70	70
70	82
70	73
70	92
70	91
70	108
70	88
70	135
70	62
70	110
70	75
70	83
70	90
70	98
70	94
70	124
70	95
70	138
70	65
70	111
70	76
70	95
70	118
70	250
70	95
70	133
70	116
70	146
70	85
70	123
70	103
70	121
80	20
80	38
80	29
80	6
80	11
80	7
80	32
80	35
80	20
80	50
80	28
80	43
80	42
80	15
80	20
80	43
80	56
80	36
80	22
80	61
80	44
80	44
80	48
80	16
80	29
80	48
80	63
80	45
80	25
80	63
80	72
80	45
80	54
80	17
80	46
80	51
80	65
80	51
80	26
80	64
80	85
80	66
80	62
80	51
80	60
80	56
80	67
80	69
80	40
80	75
80	88
80	68
80	63
80	54
80	79
80	59
80	68
80	77
80	51
80	94
80	91
80	78
80	69
80	62
80	80
80	63
80	74
80	78
80	61
80	103
80	92
80	102
80	78
80	75
80	89
80	68
80	79
80	94
80	62
80	104
80	102
80	105
80	92
80	76
80	100
80	74
80	102
80	97
80	75
80	118
80	114
80	124
80	102
80	127
80	151
80	89
80	150
80	98
80	97
80	220
90	17
90	16
90	36
90	11
90	23
90	21
90	24
90	27
90	16
90	15
90	21
90	26
90	37
90	29
90	25
90	31
90	31
90	29
90	26
90	20
90	35
90	28
90	42
90	37
90	27
90	33
90	35
90	32
90	29
90	22
90	40
90	48
90	43
90	41
90	37
90	45
90	36
90	45
90	33
90	25
90	41
90	51
90	53
90	43
90	41
90	46
90	37
90	50
90	34
90	44
90	52
90	54
90	54
90	44
90	46
90	51
90	38
90	51
90	49
90	55
90	55
90	66
90	62
90	48
90	54
90	63
90	42
90	56
90	52
90	56
90	65
90	67
90	87
90	53
90	58
90	70
90	43
90	59
90	64
90	62
90	72
90	68
90	89
90	59
90	99
90	83
90	65
90	104
90	68
90	63
90	110
90	118
90	101
90	62
90	102
90	128
90	133
90	150
90	68
90	86
100	13
100	6
100	10
100	18
100	7
100	14
100	14
100	20
100	22
100	12
100	14
100	29
100	17
100	20
100	34
100	28
100	20
100	30
100	29
100	15
100	25
100	39
100	18
100	27
100	50
100	36
100	28
100	32
100	39
100	26
100	33
100	42
100	36
100	32
100	53
100	38
100	39
100	38
100	40
100	28
100	40
100	45
100	38
100	43
100	59
100	42
100	42
100	42
100	43
100	32
100	43
100	54
100	54
100	45
100	64
100	43
100	43
100	52
100	44
100	41
100	52
100	78
100	55
100	46
100	70
100	50
100	50
100	53
100	61
100	45
100	53
100	79
100	56
100	54
100	71
100	63
100	59
100	59
100	67
100	53
100	64
100	99
100	62
100	56
100	87
100	74
100	70
100	60
100	78
100	78
100	69
100	102
100	82
100	81
100	98
100	108
100	105
100	61
100	82
100	95
