Inches
0.28875
0.28125
0.315
0.31875
0.31125
0.3225
0.29625
0.3225
0.31125
0.26625
0.25875
0.345
0.33
0.30375
0.2925
0.2475
0.30375
0.3225
0.285
0.31125
0.31125
0.2775
0.345
0.315
0.3225
0.255
0.2775
0.26625
0.31125
0.26625
0.34125
0.285
0.3075
0.2925
0.26625
0.3225
0.27375
0.3225
0.31125
0.345
0.3075
0.25125
0.2475
0.31875
0.22125
0.28125
0.28125
0.31125
0.28875
0.285
0.25875
0.3375
0.30375
0.31125
0.31875
0.31125
0.3375
0.28875
0.3075
0.27
0.33
0.3375
0.33
0.31875
0.31875
0.30375
0.315
0.3375
0.2625
0.3375
0.28125
0.27375
0.22875
0.2925
0.3075
0.31125
0.33
0.30375
0.3225
0.27375
0.3
0.28875
0.32625
0.33375
0.31125
0.3525
0.2625
0.24
0.2925
0.3525
0.31875
0.21
0.31125
0.3
0.3525
0.33375
0.2325
0.31875
0.2925
0.28875
0.3
0.31125
0.1875
0.315
0.315
0.3525
0.28125
0.31875
0.2925
0.3225
0.285
0.2325
0.2175
0.22875
0.315
0.285
0.3375
0.29625
0.27375
0.315
0.315
0.31875
0.2775
0.28875
0.31125
0.25875
0.3075
0.285
0.3525
0.3
0.25875
0.3225
0.33375
0.31125
0.26625
0.3375
0.3075
0.345
0.34875
0.2475
0.285
0.31875
0.315
0.2775
0.34125
0.2925
0.3075
0.31875
0.33
0.3525
0.2625
0.3
0.3
0.34875
0.3075
0.2325
0.33
0.22875
0.32625
0.27
0.3075
0.2625
0.31125
0.3525
0.315
0.285
0.3
0.29625
0.34875
0.34125
0.29625
0.3
0.2625
0.33375
0.3525
0.2925
0.2475
0.30375
0.26625
0.27
0.3225
0.2475
0.33
0.24
0.315
0.33375
0.26625
0.34125
0.3525
0.3225
0.3075
0.2475
0.285
0.30375
0.31125
0.3
0.29625
0.33
0.3525
0.28125
