"WeeksToFailure" "CyclesToFailure" "CauseOfFailure.FM1" "CauseOfFailure.FM2" "CauseOfFailure.FM3" "CauseOfFailure.FMOther" "CyclesPerWeek" "RealTimeWeeksInserted" "RealTimeWeeksReturned"
"1" 30.67687485 249.3383063 0 0 0 0 8.12789137 39.32312515 NA
"2" 37.59868597 444.000634 0 0 0 0 11.80894019 32.40131403 NA
"3" 53.70238097 213.1078737 0 0 0 0 3.96831332 16.29761903 NA
"4" 57.0088259 387.2006592 0 0 0 1 6.791942355 6.423752476 63.43257838
"5" 21.85239087 112.7202513 0 0 0 0 5.158257145 48.14760913 NA
"6" 68.42346577 160.0494672 0 0 0 0 2.339102024 1.576534228 NA
"7" 21.25220852 201.477029 0 0 0 0 9.48028666 48.74779148 NA
"8" 62.91919487 167.0468074 0 0 0 0 2.654941911 7.080805127 NA
"9" 22.69876744 244.4384379 0 0 0 0 10.76879784 47.30123256 NA
"10" 65.81236483 827.4747516 0 0 0 0 12.57324142 4.187635169 NA
"11" 69.97435785 216.7864401 0 0 0 0 3.098084024 0.025642151 NA
"12" 17.26850717 226.4756484 0 1 0 0 13.11495233 36.48931924 53.75782641
"13" 56.73992755 292.4841811 0 0 0 0 5.154821194 13.26007245 NA
"14" 58.70715545 2458.284266 0 0 0 0 41.8736736 11.29284455 NA
"15" 69.27970504 305.2291994 0 0 0 0 4.405752005 0.720294961 NA
"16" 22.34715093 146.5292828 0 1 0 0 6.556955884 44.86638404 67.21353498
"17" 62.04377956 457.9506617 0 0 0 0 7.381089046 7.956220442 NA
"18" 60.76841129 188.7085448 0 0 0 0 3.10537236 9.23158871 NA
"19" 65.73987977 273.0945099 0 0 0 0 4.154168076 4.260120227 NA
"20" 53.35255345 311.8992959 0 0 0 0 5.846005031 16.64744655 NA
"21" 37.12498805 203.2361291 0 0 0 0 5.47437561 32.87501195 NA
"22" 14.91062461 393.3512687 0 1 0 0 26.38060302 21.70977406 36.62039868
"23" 28.55722521 366.3734925 0 0 0 0 12.82944998 41.44277479 NA
"24" 37.41802832 279.1970599 0 0 0 0 7.461565252 32.58197168 NA
"25" 35.47728732 306.0106626 0 0 0 0 8.625537232 34.52271268 NA
"26" 34.76485903 373.9421255 0 0 0 0 10.75632509 35.23514097 NA
"27" 67.15545208 468.9864241 0 0 0 0 6.983594177 2.844547923 NA
"28" 25.16196088 92.70956288 0 0 0 0 3.684512639 44.83803912 NA
"29" 0.585742455 7.315150712 0 1 0 0 12.48868107 48.53064024 49.1163827
"30" 45.84033797 253.2739368 0 0 0 0 5.525132405 24.15966203 NA
"31" 58.22604688 474.0537207 0 0 0 0 8.14160923 11.77395312 NA
"32" 20.76133706 624.5463714 1 0 0 0 30.08218447 33.57040109 54.33173815
"33" 38.97999757 402.1823383 0 0 0 0 10.3176594 31.02000243 NA
"34" 21.25731895 771.2684374 0 0 0 0 36.28248884 48.74268105 NA
"35" 22.57996607 115.3575034 0 0 0 0 5.108843079 47.42003393 NA
"36" 67.1672717 378.0763511 0 0 0 0 5.628877599 2.832728298 NA
"37" 63.24633438 522.7531994 0 0 0 0 8.265351731 6.753665616 NA
"38" 39.05953712 135.0640815 0 0 0 0 3.457902768 30.94046288 NA
"39" 42.86191726 314.6052068 0 0 0 0 7.339970467 27.13808274 NA
"40" 50.7803849 544.3624197 0 0 0 0 10.71993489 19.2196151 NA
"41" 22.48626363 151.4825471 0 0 0 0 6.736670421 47.51373637 NA
"42" 34.58885444 624.6321477 0 0 0 0 18.05876945 35.41114556 NA
"43" 31.76408569 266.42039 0 0 0 0 8.387472335 38.23591431 NA
"44" 25.01544932 48.00615684 0 0 0 0 1.919060347 44.98455068 NA
"45" 37.62937309 224.8865331 0 0 0 0 5.976356092 32.37062691 NA
"46" 61.06492558 1031.264978 0 0 0 0 16.88800843 8.935074415 NA
"47" 23.06537906 408.2179639 0 0 0 0 17.69829851 46.93462094 NA
"48" 50.04124147 114.1088129 0 0 0 0 2.280295403 19.95875853 NA
"49" 61.78263448 385.9640888 0 0 0 0 6.247129019 8.217365516 NA
"50" 36.56845423 803.8526692 0 0 0 0 21.98213422 33.43154577 NA
"51" 59.9268682 303.4072049 0 0 0 0 5.062957803 10.0731318 NA
"52" 39.18074491 58.41351909 0 0 0 0 1.490873112 30.81925509 NA
"53" 51.4017315 145.4632136 0 0 0 0 2.829928279 18.5982685 NA
"54" 67.75157988 548.2725741 0 0 0 0 8.092395411 2.248420124 NA
"55" 20.57634576 329.8615935 0 0 0 0 16.03110666 49.42365424 NA
"56" 34.70368222 227.0410089 0 0 0 0 6.542274318 35.29631778 NA
"57" 56.91581169 1203.69607 0 0 0 0 21.1487113 13.08418831 NA
"58" 36.88469616 165.3786481 0 0 0 0 4.48366573 33.11530384 NA
"59" 48.37889605 341.4832212 0 0 0 0 7.058516193 21.62110395 NA
"60" 54.1811019 474.6766726 0 0 0 0 8.760926891 15.8188981 NA
"61" 27.25351035 69.9119573 0 0 0 0 2.565245959 42.74648965 NA
"62" 31.49537549 198.9179655 0 0 0 0 6.315783267 38.50462451 NA
"63" 27.02655707 205.4666929 0 0 0 0 7.602399833 42.97344293 NA
"64" 50.07625398 378.2262418 0 0 0 0 7.553005901 19.92374602 NA
"65" 51.54053926 489.0881519 0 0 0 0 9.489387557 18.45946074 NA
"66" 30.86717427 143.1000673 0 0 0 0 4.635995057 39.13282573 NA
"67" 50.68230252 408.4789263 0 0 0 0 8.059596861 19.31769748 NA
"68" 21.7412859 197.7913507 0 0 0 0 9.097500103 48.2587141 NA
"69" 63.45760354 2043.158428 0 0 0 0 32.19722009 6.542396464 NA
"70" 33.21221999 520.1448927 0 0 0 0 15.66125037 36.78778001 NA
"71" 22.91089343 290.8310689 0 0 0 0 12.69400819 47.08910657 NA
"72" 29.87002833 823.2357618 0 0 0 0 27.56059528 40.12997167 NA
"73" 62.87163222 1124.31667 0 0 0 0 17.88273392 7.128367783 NA
"74" 45.4283987 184.1317085 0 0 0 0 4.05322912 24.5716013 NA
"75" 53.28467429 438.2741611 0 0 0 0 8.225144789 16.71532571 NA
"76" 61.08104062 368.714683 0 0 0 0 6.036483323 8.91895938 NA
"77" 54.16650629 311.7051298 0 0 0 0 5.754573281 15.83349371 NA
"78" 62.43678685 644.3763259 0 0 0 0 10.32045943 7.563213154 NA
"79" 53.5122625 531.9535733 0 0 0 0 9.940778962 16.4877375 NA
"80" 28.07453161 224.1719388 0 0 0 0 7.984886158 41.92546839 NA
"81" 26.52351194 350.58213 0 0 0 0 13.21778695 43.47648806 NA
"82" 21.51132662 43.12550945 0 0 0 0 2.004781491 48.48867338 NA
"83" 34.16760529 97.60005633 0 0 0 0 2.856508541 35.83239471 NA
"84" 1.97649338 9.5283076 0 0 1 0 4.820814326 41.18597935 43.16247273
"85" 21.99816404 392.2655212 0 1 0 0 17.83173907 31.71667357 53.71483761
"86" 61.43074166 1705.168658 0 0 0 0 27.75757888 8.569258335 NA
"87" 22.37431759 82.96883709 0 0 0 0 3.708217547 47.62568241 NA
"88" 26.43352425 894.2274208 0 0 0 0 33.82929239 43.56647575 NA
"89" 62.94311614 902.9753729 0 0 0 0 14.3458956 7.056883862 NA
"90" 29.38938734 154.5864343 0 0 0 0 5.25994069 40.61061266 NA
"91" 48.67541026 312.8186483 0 0 0 0 6.426625819 21.32458974 NA
"92" 65.02030173 603.265976 0 0 0 0 9.278117141 4.979698267 NA
"93" 32.03104189 99.55487314 0 0 0 0 3.10807477 37.96895811 NA
"94" 39.05028124 676.8920227 0 0 0 0 17.33385782 30.94971876 NA
"95" 31.34821047 304.9362391 0 0 0 0 9.727389044 38.65178953 NA
"96" 20.75342337 552.35697 0 0 0 0 26.61522198 49.24657663 NA
"97" 39.67152478 238.6818225 0 0 0 0 6.016451946 30.32847522 NA
"98" 28.46742765 234.2451268 0 0 0 0 8.228531557 41.53257235 NA
"99" 35.15411836 97.724478 0 0 0 0 2.779887039 34.84588164 NA
"100" 28.82899344 987.4412398 0 0 0 0 34.25167243 41.17100656 NA
"101" 64.91093688 597.199795 0 0 0 0 9.200295415 5.089063116 NA
"102" 48.52601928 734.5862276 0 0 0 0 15.13798656 21.47398072 NA
"103" 27.12333241 1076.07678 0 0 0 0 39.6734724 42.87666759 NA
"104" 61.27426903 187.4652719 0 0 0 0 3.059445259 8.72573097 NA
"105" 50.46308892 1386.065973 0 0 0 0 27.46692687 19.53691108 NA
"106" 43.64483222 514.5960089 0 1 0 0 11.79053699 17.33677543 60.98160766
"107" 62.26561922 1084.38877 0 0 0 0 17.41553017 7.734380779 NA
"108" 17.3689994 725.7321817 1 0 0 0 41.78318884 11.29608658 28.66508598
"109" 49.74247187 426.3429299 0 0 0 0 8.571004091 20.25752813 NA
"110" 36.10287396 137.103259 0 0 0 0 3.797571882 33.89712604 NA
"111" 41.4078158 86.58317331 0 0 0 0 2.090986246 28.5921842 NA
"112" 46.36393207 1364.308642 0 0 0 0 29.42607715 23.63606793 NA
"113" 69.22425091 335.1332936 0 0 0 0 4.841270063 0.775749085 NA
"114" 25.63102772 445.0871403 0 0 0 0 17.36516948 44.36897228 NA
"115" 46.1143172 505.9803763 0 0 0 0 10.9723055 23.8856828 NA
"116" 42.90794482 380.8206813 0 0 0 0 8.875295309 27.09205518 NA
"117" 69.65995852 1003.292335 0 0 0 0 14.40271221 0.340041483 NA
"118" 30.82867592 202.5466294 0 0 0 0 6.570072289 39.17132408 NA
"119" 42.93012976 352.910033 0 0 0 0 8.220567582 27.06987024 NA
"120" 64.38998775 263.8413377 0 0 0 0 4.097552228 5.610012251 NA
"121" 20.59904712 129.755088 0 0 0 0 6.299082053 49.40095288 NA
"122" 60.23889987 713.6932795 0 0 0 0 11.84771437 9.761100134 NA
"123" 36.85012318 100.3091079 0 0 0 0 2.722083382 33.14987682 NA
"124" 37.11042991 352.567469 0 0 0 0 9.500495408 32.88957009 NA
"125" 64.38046777 899.9807842 0 0 0 0 13.9790967 5.619532231 NA
"126" 65.22508365 366.8901227 0 0 0 0 5.624985085 4.774916347 NA
"127" 64.69831015 1195.368418 0 0 0 0 18.4760377 5.301689846 NA
"128" 68.56639946 529.5543744 0 0 0 0 7.723234392 1.433600544 NA
"129" 36.29911887 536.9767689 0 0 0 0 14.79310754 33.70088113 NA
"130" 65.58285598 674.2581022 0 0 0 0 10.28101159 4.417144018 NA
"131" 50.77212402 365.0131562 0 0 0 0 7.189243375 19.22787598 NA
"132" 41.01702887 1383.877497 0 0 0 0 33.73909654 28.98297113 NA
"133" 27.83591097 194.4875725 0 0 0 0 6.986930397 42.16408903 NA
"134" 21.25469121 124.549955 0 0 0 0 5.859880708 48.74530879 NA
"135" 46.00079067 235.9049945 0 0 0 0 5.128281298 23.99920933 NA
"136" 62.55385192 156.6590637 0 0 0 0 2.504387162 7.446148084 NA
"137" 59.67451813 313.1165483 0 0 0 0 5.247072923 10.32548187 NA
"138" 57.67185939 618.3842573 0 0 0 0 10.7224609 12.32814061 NA
"139" 49.26345469 322.4995421 0 0 0 0 6.546425625 20.73654531 NA
"140" 52.5190686 275.0317434 0 0 0 0 5.236797808 17.4809314 NA
"141" 60.05088145 470.7493269 0 0 0 0 7.839174306 9.949118551 NA
"142" 26.78261701 171.242487 0 1 0 0 6.393792174 29.20655092 55.98916793
"143" 27.97289439 97.79044643 0 0 0 0 3.495900176 42.02710561 NA
"144" 53.29665125 311.099605 0 0 0 0 5.837132309 16.70334875 NA
"145" 34.12008483 51.05282223 0 0 0 0 1.496268913 35.87991517 NA
"146" 48.98005535 771.4708274 1 0 0 0 15.75071367 1.564744837 50.54480018
"147" 59.61696756 691.6411359 0 0 0 0 11.60141423 10.38303244 NA
"148" 32.65138978 87.72760399 0 0 0 0 2.686795404 37.34861022 NA
"149" 22.58493406 687.9262419 0 0 0 0 30.45951961 47.41506594 NA
"150" 0.033988779 0.250478403 0 0 1 0 7.369443909 18.86986224 18.90385102
"151" 24.89956451 190.1543892 0 0 0 0 7.636856022 45.10043549 NA
"152" 45.65837046 3770.857987 1 0 0 0 82.58853632 21.15204174 66.81041219
"153" 41.23486024 374.6003943 0 0 0 0 9.084555935 28.76513976 NA
"154" 47.72443654 363.5309267 0 0 0 0 7.61729112 22.27556346 NA
"155" 31.36568241 387.4764776 0 0 0 0 12.35351658 38.63431759 NA
"156" 47.20246826 353.4140323 0 0 0 0 7.487193897 22.79753174 NA
"157" 60.89098619 454.6419141 0 0 0 0 7.466489584 9.109013807 NA
"158" 63.15863486 940.6374137 0 0 0 0 14.89325119 6.841365143 NA
"159" 57.98749808 719.4666813 0 0 0 0 12.40727235 12.01250192 NA
"160" 34.88531991 306.625909 0 0 0 0 8.789539835 35.11468009 NA
"161" 22.25141416 240.4419494 0 0 0 0 10.80569296 47.74858584 NA
"162" 43.91337482 209.7652806 0 0 0 0 4.77679708 26.08662518 NA
"163" 30.83483313 152.2143306 0 0 0 0 4.936440874 39.16516687 NA
"164" 39.61031216 548.1488976 0 0 0 0 13.83854021 30.38968784 NA
"165" 53.20319339 305.927089 0 0 0 0 5.750164031 16.79680661 NA
"166" 34.70017964 172.4964437 0 0 0 0 4.971053333 35.29982036 NA
"167" 63.7128018 138.7151226 0 0 0 0 2.177193887 6.287198199 NA
"168" 32.23634291 52.82839391 0 0 0 0 1.638783719 37.76365709 NA
"169" 35.4694176 191.4575787 0 0 0 0 5.397821325 34.5305824 NA
"170" 58.59647886 799.37636 0 0 0 0 13.64205453 11.40352114 NA
"171" 46.14589176 163.5538009 0 0 0 0 3.544276526 23.85410824 NA
"172" 65.1667851 486.6199834 0 0 0 0 7.467300753 4.833214905 NA
"173" 51.49475589 743.5714222 0 0 0 0 14.4397504 18.50524411 NA
"174" 66.42602542 750.7207216 0 0 0 0 11.30160531 3.573974583 NA
"175" 14.95421131 603.9114081 0 1 0 0 40.384036 2.542155876 17.49636719
"176" 45.38178154 58.53104195 0 1 0 0 1.289747559 13.3359656 58.71774714
"177" 59.12566337 387.0727484 0 0 0 0 6.546611512 10.87433663 NA
"178" 50.93945945 412.2641256 0 0 0 0 8.093217519 19.06054055 NA
"179" 62.84203916 2320.997618 0 0 0 0 36.93383679 7.157960837 NA
"180" 52.86164047 397.4818948 0 0 0 0 7.519287924 17.13835953 NA
"181" 41.2596648 767.7047043 0 0 0 0 18.60666363 28.7403352 NA
"182" 21.09170686 51.85598323 0 0 0 0 2.458595864 48.90829314 NA
"183" 57.40655513 447.809351 0 0 0 0 7.800665795 12.59344487 NA
"184" 60.66063267 880.4428298 0 0 0 0 14.51423751 9.339367331 NA
"185" 54.45984949 504.3926359 0 0 0 0 9.261733931 15.54015051 NA
"186" 68.19799261 229.7277194 0 0 0 0 3.368540783 1.802007388 NA
"187" 55.63305137 204.3975001 0 0 0 0 3.674030006 14.36694863 NA
"188" 59.55260997 1239.530816 0 0 0 0 20.81404688 10.44739003 NA
"189" 68.74889592 100.113835 0 0 0 0 1.456224622 1.251104078 NA
"190" 64.88097501 241.8536402 0 0 0 0 3.727651135 5.119024985 NA
"191" 51.68087884 1592.703135 1 0 0 0 30.81803504 0.514360424 52.19523927
"192" 62.66163516 136.8708512 0 0 0 0 2.184284704 7.338364841 NA
"193" 61.14988635 208.3187082 0 0 0 0 3.406690031 8.850113652 NA
"194" 60.12036755 279.8747642 0 0 0 0 4.655240405 9.879632446 NA
"195" 35.5282187 432.2894448 0 0 0 0 12.1674956 34.4717813 NA
"196" 53.62521336 372.939484 0 0 0 0 6.954554781 16.37478664 NA
"197" 66.90394418 575.5771321 0 0 0 0 8.603037372 3.096055822 NA
"198" 34.838021 619.2179022 0 0 0 0 17.77419854 35.161979 NA
"199" 23.77223314 224.3955666 0 0 0 0 9.439397861 46.22776686 NA
"200" 28.79517416 89.51683783 0 0 0 0 3.108744449 41.20482584 NA
"201" 43.08590011 435.0155123 0 0 0 0 10.09647034 26.91409989 NA
"202" 27.17118072 467.5020081 0 0 0 0 17.20580394 42.82881928 NA
"203" 49.21363524 1430.968242 0 0 0 0 29.07666209 20.78636476 NA
"204" 0.400825651 3.222492913 0 1 0 0 8.03963745 12.29540162 12.69622727
"205" 48.85573187 621.4663368 0 0 0 0 12.72043858 21.14426813 NA
"206" 46.1240723 551.6941441 0 0 0 0 11.96108922 23.8759277 NA
"207" 36.84921422 160.3911428 0 0 0 0 4.352634004 33.15078578 NA
"208" 56.82929195 377.3560793 0 0 0 0 6.640168589 13.17070805 NA
"209" 58.96405875 226.8611938 0 0 0 0 3.847448745 11.03594125 NA
"210" 24.45364829 125.1639605 0 0 0 0 5.118416646 45.54635171 NA
"211" 53.54905599 307.3241549 0 0 0 0 5.739114336 16.45094401 NA
"212" 50.36062885 321.5954065 0 0 0 0 6.385849696 19.63937115 NA
"213" 14.301188 83.84869103 0 1 0 0 5.863057743 18.06288515 32.36407315
"214" 34.72668905 126.5148615 0 0 0 0 3.643159339 35.27331095 NA
"215" 68.3385995 421.6231636 0 0 0 0 6.169619609 1.661400497 NA
"216" 69.66746243 366.7453461 0 0 0 0 5.264227135 0.332537573 NA
"217" 36.84221863 278.4934964 0 0 0 0 7.559085929 33.15778137 NA
"218" 45.60547347 278.5150812 0 0 0 0 6.107053826 24.39452653 NA
"219" 45.01464223 459.796912 0 0 0 0 10.21438557 24.98535777 NA
"220" 22.02566197 124.445278 0 0 0 0 5.65001307 47.97433803 NA
"221" 33.76350292 1259.078603 0 0 0 0 37.29111303 36.23649708 NA
"222" 56.24096081 2023.593607 0 0 0 0 35.98077945 13.75903919 NA
"223" 55.59748557 182.3974276 0 0 0 0 3.280677637 14.40251443 NA
"224" 54.3415763 886.1742825 0 0 0 0 16.30748209 15.6584237 NA
"225" 41.13725307 334.4001972 0 0 0 0 8.128889808 28.86274693 NA
"226" 65.81391771 328.807146 0 0 0 0 4.996012355 4.186082294 NA
"227" 48.65519064 582.5288427 0 0 0 0 11.97259398 21.34480936 NA
"228" 63.07515422 236.8908482 0 0 0 0 3.755691938 6.924845779 NA
"229" 29.46224477 231.341594 0 0 0 0 7.852137398 40.53775523 NA
"230" 40.77635337 440.9284855 0 0 0 0 10.81333786 29.22364663 NA
"231" 24.64953722 83.10638813 0 0 0 0 3.371519205 45.35046278 NA
"232" 65.7825263 334.0429604 0 0 0 0 5.077989235 4.217473697 NA
"233" 53.69058669 497.6954255 0 0 0 0 9.269696165 16.30941331 NA
"234" 47.59321013 1157.882722 0 0 0 0 24.32873763 22.40678987 NA
"235" 59.41977923 228.6629357 0 0 0 0 3.848262963 10.58022077 NA
"236" 59.78543194 191.7702776 0 0 0 0 3.207642252 10.21456806 NA
"237" 33.09548455 293.9955746 0 0 0 0 8.883253368 36.90451545 NA
"238" 10.59895808 138.131127 0 1 0 0 13.03251942 20.55529869 31.15425677
"239" 45.9966915 421.6551514 0 0 0 0 9.167075666 24.0033085 NA
"240" 47.51173681 226.7536593 0 0 0 0 4.772581988 22.48826319 NA
"241" 52.25586164 256.1551376 0 0 0 0 4.90194075 17.74413836 NA
"242" 38.10423628 341.1236078 0 0 0 0 8.95238013 31.89576372 NA
"243" 22.99850422 283.7731983 0 0 0 0 12.33876758 47.00149578 NA
"244" 20.03312289 67.16865496 0 0 0 0 3.352879894 49.96687711 NA
"245" 39.64534182 834.5486545 0 0 0 0 21.05035841 30.35465818 NA
"246" 52.36065543 210.3004566 0 0 0 0 4.016383196 17.63934457 NA
"247" 0.317069133 5.115801465 0 0 1 0 16.13465622 49.07234047 49.3894096
"248" 25.90696369 503.625087 0 0 0 0 19.43975732 44.09303631 NA
"249" 44.63387097 706.1549361 0 0 0 0 15.82105519 25.36612903 NA
"250" 52.82219513 772.9666579 0 0 0 0 14.63336872 17.17780487 NA
"251" 61.56116144 1263.385346 1 0 0 0 20.52244169 3.838290484 65.39945193
"252" 59.68031968 1364.463855 0 0 0 0 22.86287778 10.31968032 NA
"253" 69.4503747 618.9642507 0 0 0 0 8.912324137 0.549625303 NA
"254" 25.02247035 234.2385079 0 0 0 0 9.361126403 44.97752965 NA
"255" 63.8691744 187.3808348 0 0 0 0 2.933822718 6.1308256 NA
"256" 34.73172401 300.1218474 0 1 0 0 8.641144542 9.686260088 44.4179841
"257" 66.00658269 1371.296227 0 0 0 0 20.7751435 3.993417311 NA
"258" 41.93450778 226.1553753 0 0 0 0 5.393061401 28.06549222 NA
"259" 69.04865577 1272.177262 0 0 0 0 18.42435958 0.951344229 NA
"260" 31.35660781 281.5532382 0 0 0 0 8.979071967 38.64339219 NA
"261" 66.68202375 442.9986861 0 0 0 0 6.643449932 3.317976254 NA
"262" 39.74367946 283.9106674 0 0 0 0 7.143542602 30.25632054 NA
"263" 59.29483861 484.7574746 0 0 0 0 8.175373876 10.70516139 NA
"264" 26.72814331 688.9746691 0 0 1 0 25.77712418 33.27505308 60.00319639
"265" 43.55702 733.1719306 0 0 0 0 16.83246307 26.44298 NA
"266" 55.32806964 1105.874163 0 0 0 0 19.98757899 14.67193036 NA
"267" 23.53255882 582.5504382 0 1 0 0 24.75508263 18.30822709 41.84078591
"268" 27.98171243 304.0691374 0 0 0 0 10.8667094 42.01828757 NA
"269" 21.88857663 327.3223388 0 0 0 0 14.95402576 48.11142337 NA
"270" 20.41207897 79.24723375 0 0 0 0 3.882369545 49.58792103 NA
"271" 50.78750998 326.1306744 0 0 0 0 6.421473991 19.21249002 NA
"272" 62.2748604 703.0992064 0 0 0 0 11.29025745 7.725139603 NA
"273" 37.90280382 113.9800106 0 0 0 0 3.007165674 32.09719618 NA
"274" 37.09647835 387.3319241 0 0 0 0 10.4412047 32.90352165 NA
"275" 48.43689893 364.7931434 0 0 0 0 7.531306742 21.56310107 NA
"276" 34.85928145 1436.288061 0 0 0 0 41.20245748 35.14071855 NA
"277" 51.85064648 503.0815745 0 0 0 0 9.702513057 18.14935352 NA
"278" 21.0252062 328.2441002 0 0 0 0 15.61193251 48.9747938 NA
"279" 35.7725258 338.5859523 0 0 0 0 9.464971921 34.2274742 NA
"280" 52.26955439 209.301015 0 0 0 0 4.004262471 17.73044561 NA
"281" 28.27015793 741.4300211 0 0 0 0 26.22659636 41.72984207 NA
"282" 51.99258809 443.2082733 0 0 0 0 8.524451073 18.00741191 NA
"283" 64.39595513 188.8235924 0 0 0 0 2.932227529 5.604044872 NA
"284" 62.94745733 318.9760579 0 0 0 0 5.067338244 7.052542665 NA
"285" 31.8258933 516.0594717 0 0 0 0 16.21508207 38.1741067 NA
"286" 23.80636386 209.964356 0 0 0 0 8.81967348 46.19363614 NA
"287" 41.78502837 341.4550607 0 0 0 0 8.171708241 28.21497163 NA
"288" 64.39190009 499.3406027 0 0 0 0 7.754711416 5.608099909 NA
"289" 55.71167178 1346.406291 0 1 0 0 24.16740062 8.17087309 63.88254487
"290" 58.0992502 262.9423106 0 0 0 0 4.525743615 11.9007498 NA
"291" 64.1976834 118.4497225 0 0 0 0 1.845077833 5.802316603 NA
"292" 21.54167673 143.9530611 0 0 0 0 6.682537432 48.45832327 NA
"293" 30.57209844 1395.543018 1 0 0 0 45.64760318 18.31488019 48.88697863
"294" 56.60207692 1104.364725 0 0 0 0 19.51102831 13.39792308 NA
"295" 45.0936106 260.3822674 0 0 0 0 5.774260787 24.9063894 NA
"296" 69.73569605 1438.904645 0 0 0 0 20.63368871 0.264303945 NA
"297" 56.70794693 1390.108247 0 0 0 0 24.51346455 13.29205307 NA
"298" 49.85078378 198.4018369 0 0 0 0 3.979914094 20.14921622 NA
"299" 27.95015708 108.3260956 0 0 0 0 3.87568826 42.04984292 NA
"300" 27.52377905 256.5358498 0 0 0 0 9.320516973 42.47622095 NA
"301" 53.23944871 339.0882672 0 0 0 0 6.3691168 16.76055129 NA
"302" 41.8210281 94.2903291 0 0 0 0 2.254615283 28.1789719 NA
"303" 23.42633441 293.7149919 0 0 0 0 12.53781265 46.57366559 NA
"304" 32.84319578 213.5806131 0 0 0 0 6.503039914 37.15680422 NA
"305" 20.45661697 193.4247923 0 0 0 0 9.455365594 49.54338303 NA
"306" 12.98662974 343.7732881 0 1 0 0 26.47132435 45.86228791 58.84891765
"307" 44.88136699 156.7004943 0 0 0 0 3.491437646 25.11863301 NA
"308" 54.77294985 267.0500735 0 0 0 0 4.875583189 15.22705015 NA
"309" 55.86775188 669.3409094 0 0 0 0 11.9808098 14.13224812 NA
"310" 22.98237916 189.8724257 0 0 0 0 8.261652305 47.01762084 NA
"311" 24.32696218 121.3250869 0 1 0 0 4.987268283 10.35009208 34.67705426
"312" 53.74741306 726.4268993 0 0 0 0 13.51556955 16.25258694 NA
"313" 56.01458835 512.9857079 0 0 0 0 9.158073334 13.98541165 NA
"314" 22.83981396 318.6845384 0 0 0 0 13.95302689 47.16018604 NA
"315" 36.63418869 498.2473209 0 0 0 0 13.60061022 33.36581131 NA
"316" 32.16005386 987.5239783 0 1 0 0 30.70653994 13.87276102 46.03281488
"317" 48.94665294 535.2381541 0 0 0 0 10.93513288 21.05334706 NA
"318" 39.78347519 556.3069285 0 0 0 0 13.98336686 30.21652481 NA
"319" 44.93273891 423.6689237 0 0 0 0 9.42895835 25.06726109 NA
"320" 68.65012433 1340.341238 0 0 0 0 19.52423614 1.349875669 NA
"321" 42.76221644 177.4545949 0 0 0 0 4.149798811 27.23778356 NA
"322" 31.87815464 268.8094488 0 0 0 0 8.432403064 38.12184536 NA
"323" 4.675867903 201.6780876 0 1 0 0 43.13169058 11.19326267 15.86913057
"324" 42.22482865 145.7701835 0 0 0 0 3.452238603 27.77517135 NA
"325" 43.15187359 415.979442 0 0 0 0 9.639892951 26.84812641 NA
"326" 17.83179137 1186.0064 1 0 0 0 66.51078264 23.63522906 41.46702043
"327" 52.73831629 672.7467512 0 0 0 0 12.75631834 17.26168371 NA
"328" 16.51035798 41.35047002 0 0 1 0 2.504516866 41.89832554 58.40868352
"329" 45.05820887 790.5762492 0 0 0 0 17.54566524 24.94179113 NA
"330" 39.19085389 407.2182259 0 0 0 0 10.39064438 30.80914611 NA
"331" 69.34472535 355.6816215 0 0 0 0 5.129180623 0.655274652 NA
"332" 53.16657277 283.8475805 0 0 0 0 5.338835395 16.83342723 NA
"333" 48.18543427 829.5691311 0 0 0 0 17.21618044 21.81456573 NA
"334" 66.62090911 653.0997953 0 0 0 0 9.803225504 3.379090887 NA
"335" 42.2922863 964.3228597 0 0 0 0 22.80138872 27.7077137 NA
"336" 54.07115877 733.3859859 0 0 0 0 13.56334879 15.92884123 NA
"337" 66.94742309 521.9553485 0 0 0 0 7.796496481 3.052576911 NA
"338" 66.42177855 362.1505643 0 0 0 0 5.452286467 3.578221449 NA
"339" 58.10610994 189.8586523 0 0 0 0 3.267447305 11.89389006 NA
"340" 61.81842463 682.4083393 0 0 0 0 11.03891507 8.181575371 NA
"341" 29.93907229 184.3750449 0 0 0 0 6.158341952 40.06092771 NA
"342" 40.55078103 173.8523137 0 0 0 0 4.287274111 29.44921897 NA
"343" 46.39336918 1026.391338 0 0 0 0 22.12366457 23.60663082 NA
"344" 33.68355626 380.9307721 0 0 0 1 11.30910196 22.50215253 56.18570879
"345" 21.01138853 246.3458529 0 0 0 0 11.72439663 48.98861147 NA
"346" 51.98828237 1031.162528 0 0 0 0 19.8345181 18.01171763 NA
"347" 24.25789519 67.78859987 0 0 0 0 2.794496362 45.74210481 NA
"348" 38.40666024 123.8175085 0 0 0 0 3.223855125 31.59333976 NA
"349" 38.77192995 368.2367961 0 0 0 0 9.497510096 31.22807005 NA
"350" 18.57252526 180.5910973 0 1 0 0 9.723561807 12.80443501 31.37696027
"351" 31.59474713 107.2768114 0 0 0 0 3.395400221 38.40525287 NA
"352" 42.20489582 1142.151351 0 0 0 0 27.0620583 27.79510418 NA
"353" 62.73516163 2639.028611 0 0 0 0 42.06618016 7.264838368 NA
"354" 24.41007199 211.1645602 0 0 0 0 8.650714357 45.58992801 NA
"355" 37.8035551 558.2705867 0 0 0 0 14.76767424 32.1964449 NA
"356" 29.96363151 975.9399656 0 0 0 0 32.57081723 40.03636849 NA
"357" 63.77455846 1431.907269 0 0 0 0 22.45264104 6.225441536 NA
"358" 33.45167684 662.084412 0 0 0 0 19.79226378 36.54832316 NA
"359" 52.94933257 690.3481135 0 0 0 0 13.0379002 17.05066743 NA
"360" 53.73783766 408.4351884 0 0 0 0 7.600514016 16.26216234 NA
"361" 65.21451113 334.4452615 0 0 0 0 5.12838716 4.785488872 NA
"362" 45.30505635 208.4518962 0 0 0 0 4.601073545 24.69494365 NA
"363" 20.09743815 173.3306075 0 0 0 0 8.624512549 49.90256185 NA
"364" 23.00064607 196.5928464 0 0 0 0 8.547274966 46.99935393 NA
"365" 54.14858388 536.2608599 0 0 0 0 9.903506639 15.85141612 NA
"366" 61.88843144 986.4727767 0 0 0 0 15.93953432 8.111568564 NA
"367" 0.282055197 0.704041362 0 0 1 0 2.496111996 3.279228217 3.561283415
"368" 36.09671894 101.2813668 0 0 0 0 2.805833044 33.90328106 NA
"369" 68.47955084 3358.00874 0 0 0 0 49.03666421 1.520449156 NA
"370" 56.09666872 349.321302 0 0 0 0 6.22713095 13.90333128 NA
"371" 28.12095035 463.1741466 0 0 0 0 16.47078569 41.87904965 NA
"372" 26.38652864 280.4686361 0 0 0 0 10.62923585 43.61347136 NA
"373" 40.73167788 489.6350906 0 0 0 0 12.02098995 29.26832212 NA
"374" 26.01188152 227.7872305 0 0 0 0 8.757045521 43.98811848 NA
"375" 35.10700786 432.0794528 0 0 0 0 12.30749868 34.89299214 NA
"376" 7.086352408 68.74927322 0 0 0 1 9.701644692 39.79710032 46.88345273
"377" 38.9032773 452.7959746 0 0 0 0 11.63901877 31.0967227 NA
"378" 30.83882642 66.65426547 0 0 0 0 2.161374903 39.16117358 NA
"379" 56.41647503 315.3326165 0 0 0 0 5.589371124 13.58352497 NA
"380" 44.57042993 217.7780833 0 0 0 0 4.886156216 25.42957007 NA
"381" 61.82628045 298.8055431 0 0 0 0 4.832985923 8.173719549 NA
"382" 67.48194084 365.0306336 0 0 0 0 5.409308461 2.518059162 NA
"383" 1.662116598 76.42223792 0 0 1 0 45.97886694 27.45081822 29.11293482
"384" 26.53584544 84.81249523 0 0 0 0 3.196148223 43.46415456 NA
"385" 67.31599365 1474.867021 0 0 0 0 21.90960782 2.684006351 NA
"386" 52.71250176 269.0726949 0 0 0 0 5.104532814 17.28749824 NA
"387" 47.27612393 92.01255106 0 0 0 0 1.946279504 22.72387607 NA
"388" 36.44974243 143.2592764 0 0 0 0 3.930323424 33.55025757 NA
"389" 36.90864719 247.6349491 0 0 0 0 6.709401942 33.09135281 NA
"390" 63.69325471 342.8586395 0 0 0 0 5.382966234 6.306745287 NA
"391" 67.18920684 359.8732071 0 0 0 0 5.356116317 2.81079316 NA
"392" 39.51768957 140.5188024 0 0 0 0 3.555845596 30.48231043 NA
"393" 32.17689683 263.5727749 0 0 0 0 8.191367125 37.82310317 NA
"394" 49.06445282 419.4372187 0 0 0 0 8.548698591 20.93554718 NA
"395" 54.34418809 425.2711655 0 0 0 0 7.825513279 15.65581191 NA
"396" 62.68395579 317.8302546 0 0 0 0 5.070360519 7.316044206 NA
"397" 67.51679886 299.1277923 0 0 0 0 4.430420242 2.483201143 NA
"398" 34.98277792 188.348005 0 1 0 0 5.38402083 6.567996519 41.55077444
"399" 20.59576464 93.15537346 0 0 0 0 4.523035444 49.40423536 NA
"400" 25.21749853 201.6123064 0 0 0 0 7.994936778 44.78250147 NA
"401" 56.99755145 382.4707082 0 0 0 0 6.71030068 13.00244855 NA
"402" 59.81174133 456.631888 0 0 0 0 7.634485768 10.18825867 NA
"403" 39.92387878 777.957403 0 0 0 0 19.48601756 30.07612122 NA
"404" 41.63270606 911.6989686 0 0 0 0 21.89862382 28.36729394 NA
"405" 66.43669615 193.2959956 0 0 0 0 2.90947634 3.56330385 NA
"406" 46.59010362 227.4723802 0 0 0 0 4.882418421 23.40989638 NA
"407" 49.26708032 699.4752717 0 0 0 1 14.19761973 5.078653118 54.34573343
"408" 29.3369736 127.4147593 0 0 0 0 4.343145993 40.6630264 NA
"409" 58.47628243 325.055199 0 0 0 0 5.558752805 11.52371757 NA
"410" 58.0811286 539.7606483 0 0 0 0 9.293219006 11.9188714 NA
"411" 54.95750428 188.0459113 0 0 0 0 3.421660313 15.04249572 NA
"412" 49.21984678 794.4780083 0 0 0 0 16.14141572 20.78015322 NA
"413" 66.86542952 887.9728925 0 0 0 0 13.27999983 3.13457048 NA
"414" 41.75004489 435.7886045 0 0 0 0 10.43803918 28.24995511 NA
"415" 48.95588862 243.5620335 0 0 0 0 4.97513252 21.04411138 NA
"416" 13.06746372 208.0550765 0 1 0 0 15.92161119 15.54968596 28.61714967
"417" 66.21012448 442.3021623 0 0 0 0 6.680279878 3.789875517 NA
"418" 22.80874302 45.24333172 0 0 0 0 1.983596013 47.19125698 NA
"419" 49.47595388 339.9278756 0 0 0 0 6.870567396 20.52404612 NA
"420" 55.6631408 201.7424356 0 0 0 0 3.624345172 14.3368592 NA
"421" 48.92429532 259.5605714 0 0 0 0 5.305351251 21.07570468 NA
"422" 49.76404449 645.1082369 0 0 0 0 12.96334017 20.23595551 NA
"423" 43.96243064 162.8135008 0 0 0 0 3.70346904 26.03756936 NA
"424" 34.92725059 166.0188384 0 0 0 0 4.753275326 35.07274941 NA
"425" 43.17801758 395.0996335 0 0 0 0 9.150481092 26.82198242 NA
"426" 5.464792265 24.81937615 0 0 1 0 4.541687029 31.99062375 37.45541602
"427" 64.998051 181.7149932 0 0 0 0 2.795699107 5.001948995 NA
"428" 62.83521635 426.0571734 0 0 0 0 6.780547567 7.164783648 NA
"429" 56.64405816 274.3377021 0 0 0 0 4.843185869 13.35594184 NA
"430" 37.40258706 878.3822495 0 0 0 0 23.48453191 32.59741294 NA
"431" 51.01576358 476.9347327 0 0 0 1 9.348771816 9.235400206 60.25116379
"432" 58.49711504 529.275765 0 0 0 0 9.047895176 11.50288496 NA
"433" 64.56779587 620.7172104 0 0 0 0 9.613417991 5.432204134 NA
"434" 57.57377297 295.3910459 0 0 0 0 5.130652912 12.42622703 NA
"435" 61.35066052 342.2026449 0 0 0 0 5.57781517 8.64933948 NA
"436" 66.6225818 641.3512047 0 0 0 0 9.626633903 3.377418197 NA
"437" 39.791051 426.0254652 0 0 0 0 10.70656478 30.208949 NA
"438" 50.50514492 217.6995596 0 0 0 0 4.310443223 19.49485508 NA
"439" 68.58864442 1676.996312 0 0 0 0 24.45005768 1.411355578 NA
"440" 64.04963474 229.7298648 0 0 0 0 3.586747461 5.950365262 NA
"441" 45.92477346 604.2195506 0 0 0 0 13.1567236 24.07522654 NA
"442" 38.81649994 138.8680686 0 0 0 0 3.577552558 31.18350006 NA
"443" 52.78564606 747.5451709 0 0 0 0 14.16190246 17.21435394 NA
"444" 28.31056155 151.9637912 0 0 0 0 5.367742034 41.68943845 NA
"445" 66.43012913 499.5804317 0 0 0 0 7.520389291 3.569870873 NA
"446" 11.54817725 270.9253835 0 0 1 0 23.46044555 29.98067312 41.52885036
"447" 57.76797875 1091.559046 0 0 0 0 18.89557277 12.23202125 NA
"448" 47.79263344 153.7831438 0 0 0 0 3.21771647 22.20736656 NA
"449" 52.08881468 250.9918484 0 0 0 0 4.818536378 17.91118532 NA
"450" 69.52361254 633.7653252 0 0 0 0 9.115828451 0.476387457 NA
"451" 55.54834286 248.151049 0 0 0 0 4.467298864 14.45165714 NA
"452" 25.21371583 54.08414081 0 0 0 0 2.145028569 44.78628417 NA
"453" 33.40147292 138.0229607 0 0 0 0 4.132241744 36.59852708 NA
"454" 1.902682072 50.55912505 0 0 1 0 26.57255554 36.66846196 38.57114403
"455" 63.63360394 930.1258292 0 0 0 0 14.61689692 6.366396055 NA
"456" 20.64918538 449.6190557 0 1 0 0 21.77417886 0.817660009 21.46684539
"457" 20.98879646 395.8832941 0 0 0 0 18.86164816 49.01120354 NA
"458" 44.86499234 570.8738731 0 0 0 0 12.72426102 25.13500766 NA
"459" 61.03977294 1025.885808 0 0 0 0 16.80684181 8.960227063 NA
"460" 41.35874183 1564.087177 0 0 0 0 37.81757152 28.64125817 NA
"461" 43.87993886 326.9171127 0 0 0 0 7.450263633 26.12006114 NA
"462" 23.0972486 337.258793 0 1 0 0 14.60168693 1.03620094 24.13344954
"463" 48.95090713 335.9728499 0 0 0 0 6.863465248 21.04909287 NA
"464" 8.987145995 93.61714198 0 1 0 0 10.41678215 34.13668342 43.12382942
"465" 38.43284752 365.3817732 0 0 0 0 9.507018003 31.56715248 NA
"466" 21.80642012 1346.972861 0 0 0 0 61.76955471 48.19357988 NA
"467" 53.81794957 201.9387481 0 0 0 0 3.752256445 16.18205043 NA
"468" 54.86806772 527.2383794 0 0 0 0 9.609202606 15.13193228 NA
"469" 43.46498684 763.2614918 0 0 0 0 17.56037554 26.53501316 NA
"470" 26.8099984 238.3101908 0 0 0 0 8.888855095 43.1900016 NA
"471" 37.74709009 384.8927679 0 0 0 0 10.1966209 32.25290991 NA
"472" 64.38277782 461.7542187 0 0 0 0 7.17201454 5.617222178 NA
"473" 21.98326089 243.5586849 0 0 0 0 11.07927919 48.01673911 NA
"474" 59.31430121 356.4114802 0 0 0 0 6.008862499 10.68569879 NA
"475" 23.62266975 181.0942281 0 0 0 0 7.666120299 46.37733025 NA
"476" 38.92662519 120.8166193 0 0 0 0 3.103701354 31.07337481 NA
"477" 36.21815116 290.95033 0 0 0 0 8.033273942 33.78184884 NA
"478" 25.925357 478.9116559 0 0 0 0 18.4727121 44.074643 NA
"479" 42.75962227 599.8890798 0 0 0 0 14.02933534 27.24037773 NA
"480" 36.74123538 1252.825486 0 0 0 0 34.09862171 33.25876462 NA
"481" 63.20599346 180.8866374 0 0 0 0 2.86185894 6.79400654 NA
"482" 54.86825748 547.0523915 0 0 0 0 9.970289137 15.13174252 NA
"483" 29.25820839 652.3826412 0 0 0 0 22.29742275 40.74179161 NA
"484" 46.98185771 498.9849369 0 0 0 0 10.62080048 23.01814229 NA
"485" 34.28659053 752.113779 0 0 0 0 21.93609126 35.71340947 NA
"486" 25.36411239 117.4944504 0 0 0 0 4.632310745 44.63588761 NA
"487" 46.59961171 521.0577346 0 0 0 0 11.18158962 23.40038829 NA
"488" 33.75089608 140.950642 0 0 0 0 4.176204438 36.24910392 NA
"489" 43.54426663 195.7590619 0 0 0 0 4.495633456 26.45573337 NA
"490" 21.75060185 128.5332423 0 0 0 0 5.909410839 48.24939815 NA
"491" 51.15243423 1026.659085 0 0 0 0 20.0705812 18.84756577 NA
"492" 23.64400515 217.522978 0 0 0 0 9.199920936 46.35599485 NA
"493" 27.83569944 119.4089751 0 0 0 0 4.289778144 42.16430056 NA
"494" 69.84307957 125.2649433 0 0 0 0 1.79351976 0.156920427 NA
"495" 1.280529398 6.948418823 0 0 1 0 5.426207968 43.06780898 44.34833838
"496" 44.62904782 245.5723408 0 0 0 0 5.502522524 25.37095218 NA
"497" 31.54656681 147.2909042 0 0 0 0 4.668999484 38.45343319 NA
"498" 44.48388153 85.5654589 0 0 0 0 1.923516023 25.51611847 NA
"499" 31.31870894 653.3895852 0 0 0 0 20.86259642 38.68129106 NA
"500" 28.99311069 33.86913947 0 0 0 0 1.168178877 41.00688931 NA
"501" 52.61811053 137.2182606 0 0 0 0 2.607814291 17.38188947 NA
"502" 30.79362863 146.7888086 0 0 0 0 4.766856495 39.20637137 NA
"503" 55.93350167 842.9572359 0 0 0 0 15.0707038 14.06649833 NA
"504" 48.4669687 157.0171318 0 0 0 0 3.239673039 21.5330313 NA
"505" 55.20435683 284.1694353 0 0 0 0 5.147590727 14.79564317 NA
"506" 41.26648035 145.2353516 0 0 0 0 3.519450906 28.73351965 NA
"507" 55.79769216 75.26373933 0 0 0 0 1.348868321 14.20230784 NA
"508" 46.01961893 61.21105138 0 0 0 0 1.330107741 23.98038107 NA
"509" 53.6690427 202.0128197 0 0 0 0 3.764047382 16.3309573 NA
"510" 68.86924856 141.4254089 0 0 0 0 2.05353495 1.130751439 NA
"511" 47.43917018 99.94505115 0 0 0 0 2.106804372 22.56082982 NA
"512" 35.66814487 46.37477771 0 0 0 0 1.300173527 34.33185513 NA
"513" 26.0694658 9.37662013 0 0 0 0 0.359678261 43.9305342 NA
"514" 43.73669965 369.5081163 0 0 0 0 8.448468203 26.26330035 NA
"515" 54.16729321 32.54017171 0 0 0 0 0.600734683 15.83270679 NA
"516" 56.24136829 357.95336 0 0 0 0 6.364591953 13.75863171 NA
"517" 41.90129071 27.78199859 0 0 0 0 0.663034434 28.09870929 NA
"518" 44.33398864 19.6687587 0 0 0 0 0.443649654 25.66601136 NA
"519" 68.79039194 60.73229724 0 0 0 0 0.882860172 1.209608058 NA
"520" 37.15093768 62.26289113 0 0 0 0 1.675944001 32.84906232 NA
"521" 62.66912295 575.4085635 0 0 0 0 9.18169166 7.330877054 NA
"522" 23.3073182 30.53849761 0 0 0 0 1.310253602 46.6926818 NA
"523" 67.19506456 281.6764986 0 0 0 0 4.191922434 2.804935444 NA
"524" 58.75872202 111.0336231 0 0 0 0 1.889653472 11.24127798 NA
"525" 67.42291018 404.0175505 0 0 0 0 5.992288814 2.577089821 NA
"526" 35.42281001 106.2979953 0 0 0 0 3.00083464 34.57718999 NA
"527" 47.99300351 391.8248967 0 0 0 0 8.164208698 22.00699649 NA
"528" 68.98741146 437.4813291 0 0 0 0 6.341466071 1.012588537 NA
"529" 45.04817295 218.4407935 0 0 0 0 4.849048901 24.95182705 NA
"530" 54.91804181 74.45691551 0 0 0 0 1.355782418 15.08195819 NA
"531" 65.16017386 572.734704 0 1 0 0 8.789643583 2.25318725 67.41336111
"532" 35.97756909 210.2134826 0 0 0 0 5.842904009 34.02243091 NA
"533" 14.2582828 31.25406867 0 0 1 0 2.191993883 46.43149518 60.68977798
"534" 30.34664398 75.28278349 0 0 0 0 2.480761416 39.65335602 NA
"535" 35.07187061 33.65422931 0 0 0 0 0.959578965 34.92812939 NA
"536" 48.21704996 416.2015616 0 0 0 0 8.631833802 21.78295004 NA
"537" 37.83255411 111.8185253 0 0 0 0 2.955616609 32.16744589 NA
"538" 63.46241842 351.5131611 0 0 0 0 5.538918464 6.537581584 NA
"539" 51.98364157 56.81100558 0 0 0 0 1.092863137 18.01635843 NA
"540" 63.97652957 324.8629735 0 0 0 0 5.077846137 6.023470429 NA
"541" 65.66095266 102.6763367 0 0 0 0 1.563735104 4.339047335 NA
"542" 64.76191846 31.03743074 0 0 0 0 0.479254344 5.238081538 NA
"543" 59.45769183 352.6196727 0 0 0 0 5.930598075 10.54230817 NA
"544" 42.35954336 395.1784312 0 0 0 0 9.329147574 27.64045664 NA
"545" 29.01440682 115.7357728 0 1 0 0 3.988907082 36.01221612 65.02662294
"546" 59.97531012 75.07556629 0 0 0 0 1.251774541 10.02468988 NA
"547" 52.63310456 71.84572682 0 0 0 0 1.365029242 17.36689544 NA
"548" 0.355672782 1.427107051 0 0 1 0 4.012415692 24.58374167 24.93941445
"549" 61.26129893 91.41044237 0 0 0 0 1.492140127 8.738701069 NA
"550" 41.63571719 22.04597797 0 0 0 0 0.529496775 28.36428281 NA
"551" 55.10149736 347.7812551 0 0 0 0 6.311647991 14.89850264 NA
"552" 58.44870668 226.0124449 0 0 0 0 3.866851086 11.55129332 NA
"553" 49.85927518 75.14577278 0 0 0 0 1.507157344 20.14072482 NA
"554" 65.64745328 468.0022232 0 0 0 0 7.129023287 4.352546716 NA
"555" 69.64632369 267.0539871 0 0 0 0 3.834430491 0.353676314 NA
"556" 32.14979382 355.3850745 0 0 0 0 11.05403899 37.85020618 NA
"557" 62.70444113 468.1063047 0 0 0 0 7.465281505 7.295558869 NA
"558" 56.74216062 1514.13398 0 0 0 0 26.68446114 13.25783938 NA
"559" 38.65256773 60.14422879 0 0 0 0 1.556021561 31.34743227 NA
"560" 41.4192005 27.49930785 0 0 0 0 0.663926573 28.5807995 NA
"561" 57.42667579 161.5404571 0 0 0 0 2.812986385 12.57332421 NA
"562" 32.70836754 54.58321576 0 0 0 0 1.668784469 37.29163246 NA
"563" 36.15268233 270.9733551 0 0 0 0 7.495248973 33.84731767 NA
"564" 55.23210863 274.8768948 0 0 0 0 4.97675902 14.76789137 NA
"565" 66.72482559 300.0146468 0 0 0 0 4.496297205 3.275174415 NA
"566" 58.79468641 347.2113676 0 0 0 0 5.905488893 11.20531359 NA
"567" 66.07073875 84.70960639 0 0 0 0 1.282104726 3.929261246 NA
"568" 68.10106164 312.7806902 0 0 0 0 4.592890077 1.898938359 NA
"569" 55.92594007 62.43281887 0 0 0 0 1.116348134 14.07405993 NA
"570" 64.77953942 385.8510393 0 0 0 0 5.95637207 5.220460577 NA
"571" 36.98844019 59.8219499 0 1 0 0 1.61731475 27.90339346 64.89183365
"572" 68.77916804 390.5920318 0 0 0 0 5.678929289 1.220831962 NA
"573" 69.78275084 227.328973 0 0 0 0 3.257667121 0.217249163 NA
"574" 39.64271256 73.06244803 0 0 0 0 1.843023429 30.35728744 NA
"575" 45.02270658 73.45178657 0 0 0 0 1.631438715 24.97729342 NA
"576" 22.93007038 12.97032426 0 0 0 0 0.565646945 47.06992962 NA
"577" 38.0871843 112.5371425 0 0 0 0 2.954724656 31.9128157 NA
"578" 39.85009321 125.8347039 0 0 0 0 3.15770162 30.14990679 NA
"579" 28.04930272 103.0909038 0 0 0 0 3.675346399 41.95069728 NA
"580" 28.65756002 44.04424233 0 0 0 0 1.536915295 41.34243998 NA
"581" 14.2083052 416.5354407 0 1 0 0 29.31633539 40.57138404 54.77968924
"582" 27.96275398 290.0284327 0 0 0 0 10.37195524 42.03724602 NA
"583" 54.76130815 74.29704564 0 0 0 0 1.356743441 15.23869185 NA
"584" 9.199835148 58.19923554 0 1 0 0 6.326117218 22.23675734 31.43659249
"585" 23.82414132 55.06601587 0 0 0 0 2.311353645 46.17585868 NA
"586" 51.98609122 315.1834476 0 0 0 0 6.062841814 18.01390878 NA
"587" 57.55008351 59.68035868 0 0 0 0 1.037016022 12.44991649 NA
"588" 51.02202807 240.6953322 0 0 0 0 4.71747873 18.97797193 NA
"589" 39.41676176 21.98383359 0 0 0 0 0.557728048 30.58323824 NA
"590" 30.07271552 246.6771259 0 0 0 0 8.202688771 39.92728448 NA
"591" 64.85553664 367.5324551 0 0 0 0 5.666940313 5.144463363 NA
"592" 25.24488218 41.12217296 0 0 0 0 1.628931071 44.75511782 NA
"593" 47.94270616 243.6237528 0 0 0 0 5.081560311 22.05729384 NA
"594" 36.25933415 204.1406653 0 0 0 0 5.630016935 33.74066585 NA
"595" 22.07270646 26.222609 0 0 0 0 1.188010589 47.92729354 NA
"596" 46.14379134 531.7159804 0 0 0 0 11.52302325 23.85620866 NA
"597" 68.67484418 74.45789021 0 0 0 0 1.084209088 1.325155818 NA
"598" 62.02005215 45.94423619 0 0 0 0 0.740796478 7.979947852 NA
"599" 32.72196027 207.471462 0 0 0 0 6.340434995 37.27803973 NA
"600" 47.37397178 109.9044193 0 0 0 0 2.319932553 22.62602822 NA
"601" 55.63295042 184.3085485 0 0 0 0 3.312938593 14.36704958 NA
"602" 62.32445743 224.6793243 0 0 0 0 3.604994468 7.675542566 NA
"603" 66.89299739 120.8859387 0 0 0 0 1.807153864 3.10700261 NA
"604" 51.73353551 22.71397457 0 0 0 0 0.439057071 18.26646449 NA
"605" 46.86393964 53.02149293 0 0 0 0 1.131392139 23.13606036 NA
"606" 55.5341384 105.8549765 0 0 0 0 1.906124405 14.4658616 NA
"607" 29.62091571 109.7352141 0 0 0 0 3.704652993 40.37908429 NA
"608" 22.99577903 123.5400406 0 0 0 0 5.372292039 47.00422097 NA
"609" 28.17156697 219.7044526 0 0 0 0 7.79880128 41.82843303 NA
"610" 27.9044565 227.3392809 0 0 0 0 8.147059984 42.0955435 NA
"611" 48.66567904 64.53873611 0 0 0 0 1.326165326 21.33432096 NA
"612" 40.07078921 150.7688457 0 0 0 0 3.762562423 29.92921079 NA
"613" 4.098759429 9.910633306 0 0 1 0 2.417959258 12.57444437 16.6732038
"614" 50.58611685 23.79236998 0 0 0 0 0.470333986 19.41388315 NA
"615" 42.5111865 98.71109957 0 0 0 0 2.322002929 27.4888135 NA
"616" 29.95565801 11.67165484 0 0 0 0 0.389631062 40.04434199 NA
"617" 46.27253151 184.3709408 0 0 0 0 3.984457622 23.72746849 NA
"618" 26.79992887 110.1724269 0 0 0 0 4.110922364 43.20007113 NA
"619" 32.33053264 567.7671004 0 0 0 0 17.56132838 37.66946736 NA
"620" 64.43935604 49.17452292 0 0 0 0 0.763113196 5.560643959 NA
"621" 66.53229428 1018.830981 0 0 0 0 15.31333005 3.467705718 NA
"622" 43.21020442 208.0267307 0 0 0 0 4.814296381 26.78979558 NA
"623" 47.10458017 23.62336963 0 0 0 0 0.501508973 22.89541983 NA
"624" 5.488749512 10.52827637 0 1 0 0 1.918155738 20.70061376 26.18936327
"625" 63.04061484 360.4928966 0 0 0 0 5.718422917 6.959385157 NA
"626" 46.95183714 203.426791 0 0 0 0 4.332669463 23.04816286 NA
"627" 39.2100914 208.6071865 0 0 0 0 5.320242292 30.7899086 NA
"628" 63.28747008 23.49248519 0 0 0 0 0.371202786 6.712529925 NA
"629" 47.84240837 339.1642675 0 0 0 0 7.089197202 22.15759163 NA
"630" 20.99698431 137.8198051 0 0 0 0 6.56379045 49.00301569 NA
"631" 28.19711493 82.35306596 0 0 0 0 2.920620289 41.80288507 NA
"632" 58.660756 494.5462644 0 0 0 0 8.430615256 11.339244 NA
"633" 30.43903707 102.9292515 0 0 0 0 3.381488426 39.56096293 NA
"634" 37.84629568 32.68535531 0 0 0 0 0.863634201 32.15370432 NA
"635" 61.64808834 78.5681143 0 0 0 0 1.274461486 8.351911663 NA
"636" 51.98326157 49.96174896 0 0 0 0 0.96111224 18.01673843 NA
"637" 36.8989566 361.3177676 0 0 0 0 9.792086305 33.1010434 NA
"638" 34.8432957 294.1899132 0 0 0 0 8.443228669 35.1567043 NA
"639" 64.92813107 29.67199305 0 0 0 0 0.456997492 5.071868934 NA
"640" 34.50553263 36.54505521 0 0 0 0 1.059107118 35.49446737 NA
"641" 30.51651418 165.0377123 0 0 0 0 5.408144302 39.48348582 NA
"642" 66.04815235 589.2629745 0 0 0 0 8.92171777 3.951847646 NA
"643" 46.26499548 141.3322235 0 0 0 0 3.054841399 23.73500452 NA
"644" 48.07395399 272.6788859 0 0 0 0 5.672071117 21.92604601 NA
"645" 55.40870284 113.0508215 0 0 0 0 2.040308033 14.59129716 NA
"646" 59.40163823 412.0300725 0 0 0 0 6.936341906 10.59836177 NA
"647" 41.05684608 91.44797904 0 0 0 0 2.227350315 28.94315392 NA
"648" 35.62684717 123.9795871 0 0 0 0 3.479948323 34.37315283 NA
"649" 22.05824696 282.1448424 0 0 0 0 12.79090051 47.94175304 NA
"650" 41.41127023 848.0694726 0 0 0 0 20.47919487 28.58872977 NA
"651" 22.67222006 41.35534407 0 0 0 0 1.824053576 47.32777994 NA
"652" 32.44438426 200.138456 0 0 0 0 6.168662484 37.55561574 NA
"653" 65.64200214 186.5004283 0 0 0 0 2.841175196 4.357997864 NA
"654" 58.18983691 67.37299087 0 0 0 0 1.157813709 11.81016309 NA
"655" 33.09950682 197.2855054 0 0 0 0 5.960375979 36.90049318 NA
"656" 60.73689521 455.2327269 0 0 0 0 7.495159662 9.263104794 NA
"657" 40.00457712 282.5960861 0 0 0 0 7.064093823 29.99542288 NA
"658" 64.50865885 84.04664544 0 0 0 0 1.302873861 5.49134115 NA
"659" 40.70191535 115.2307102 0 0 0 0 2.83108815 29.29808465 NA
"660" 23.621861 372.6270184 0 0 0 0 15.77466815 46.378139 NA
"661" 64.83551204 313.1595372 0 0 0 0 4.830061912 5.164487963 NA
"662" 46.72704178 291.5543651 0 0 0 0 6.239521143 23.27295822 NA
"663" 34.15093816 515.8980939 0 0 0 0 15.10641059 35.84906184 NA
"664" 37.5514597 47.93204653 0 0 0 0 1.276436307 32.4485403 NA
"665" 37.13489667 96.73918767 0 0 0 0 2.605074912 32.86510333 NA
"666" 51.90094556 76.43198715 0 0 0 0 1.47265115 18.09905444 NA
"667" 20.10158801 11.70270165 0 0 0 0 0.582177967 49.89841199 NA
"668" 49.76398474 168.2810867 0 0 0 0 3.381583842 20.23601526 NA
"669" 41.53910068 382.6436733 0 0 0 0 9.211650398 28.46089932 NA
"670" 50.21727551 57.97438783 0 0 0 0 1.154470991 19.78272449 NA
"671" 15.8907303 45.42296237 0 0 1 0 2.858456566 13.69279209 29.58352239
"672" 40.79811768 61.83810981 0 0 0 0 1.515709874 29.20188232 NA
"673" 40.85536285 134.7083072 0 0 0 0 3.297200118 29.14463715 NA
"674" 32.73769889 82.68725073 0 0 0 0 2.525750237 37.26230111 NA
"675" 65.42624635 366.398834 0 0 0 0 5.600181188 4.573753651 NA
"676" 26.33470479 27.66531558 0 0 0 0 1.050526892 43.66529521 NA
"677" 47.75250961 133.6852808 0 0 0 0 2.799544608 22.24749039 NA
"678" 51.82435894 106.2953948 0 0 0 0 2.051070134 18.17564106 NA
"679" 29.61082641 56.36228236 0 0 0 0 1.903434966 40.38917359 NA
"680" 30.05079515 149.8666982 0 0 0 0 4.987112568 39.94920485 NA
"681" 35.6011158 174.9203627 0 0 0 0 4.913339337 34.3988842 NA
"682" 21.14794689 239.5579583 0 0 0 0 11.32771704 48.85205311 NA
"683" 63.83711015 41.56840583 0 0 0 0 0.651163653 6.162889849 NA
"684" 49.12005251 104.2337023 0 0 0 0 2.122019357 20.87994749 NA
"685" 66.09232619 157.4001416 0 0 0 0 2.381519167 3.907673806 NA
"686" 23.06460039 73.77769618 0 0 0 0 3.198741575 46.93539961 NA
"687" 59.57021711 312.2893222 0 0 0 0 5.242373409 10.42978289 NA
"688" 59.98831862 130.3413751 0 0 0 0 2.17277927 10.01168138 NA
"689" 62.20465032 825.074778 0 0 0 0 13.26387615 7.795349683 NA
"690" 48.17443283 160.2624734 0 0 0 0 3.326712199 21.82556717 NA
"691" 68.97133172 21.33314343 0 0 0 0 0.309304502 1.028668275 NA
"692" 0.497178943 2.821496471 0 1 0 0 5.675012011 17.7379555 18.23513444
"693" 25.74951549 72.38129771 0 0 0 0 2.810977074 44.25048451 NA
"694" 52.63576061 177.6915811 0 0 0 0 3.375871823 17.36423939 NA
"695" 61.11056939 183.8715231 0 0 0 0 3.008833413 8.88943061 NA
"696" 39.64306914 246.9121276 0 0 0 0 6.228380723 30.35693086 NA
"697" 49.68535674 168.5070778 0 0 0 0 3.391483706 20.31464326 NA
"698" 60.06398702 27.9587766 0 0 0 0 0.465483195 9.93601298 NA
"699" 21.97909818 159.2207194 0 0 0 0 7.244188007 48.02090182 NA
"700" 65.04310136 51.63129042 0 0 0 0 0.793801177 4.95689864 NA
"701" 63.89607104 297.3791752 0 0 0 0 4.654107371 6.103928958 NA
"702" 59.28783298 132.3628856 0 0 0 0 2.232547202 10.71216702 NA
"703" 24.35051103 105.8319242 0 0 0 0 4.346189043 45.64948897 NA
"704" 54.3613898 23.91994634 0 0 0 0 0.440017197 15.6386102 NA
"705" 62.84224986 439.9939639 0 0 0 0 7.001562879 7.157750137 NA
"706" 24.62043843 12.12796143 0 0 0 0 0.492597297 45.37956157 NA
"707" 29.74203573 49.51906599 0 0 0 0 1.664952139 40.25796427 NA
"708" 46.26092492 40.17456541 0 0 0 0 0.868434115 23.73907508 NA
"709" 68.31301647 56.26127528 0 0 0 0 0.823580603 1.686983532 NA
"710" 23.62208384 60.12990059 0 0 0 0 2.545495181 46.37791616 NA
"711" 50.77542746 74.41341132 0 0 0 0 1.46553983 19.22457254 NA
"712" 48.33583173 72.99811751 0 0 0 0 1.510227814 21.66416827 NA
"713" 38.74096125 39.56562654 0 0 0 0 1.02128665 31.25903875 NA
"714" 46.79485085 316.2979619 0 0 0 0 6.759247142 23.20514915 NA
"715" 50.20354874 53.08688689 0 0 0 0 1.057432955 19.79645126 NA
"716" 27.02921649 25.7273485 0 0 0 0 0.951834786 42.97078351 NA
"717" 57.1580812 142.3424704 0 0 0 0 2.490329756 12.8419188 NA
"718" 60.05547154 402.4853237 0 0 0 0 6.701892657 9.944528458 NA
"719" 57.24234467 901.8583614 0 0 0 0 15.75509121 12.75765533 NA
"720" 63.83381904 301.3965199 0 0 0 0 4.721580574 6.166180957 NA
"721" 35.75477973 78.30434308 0 0 0 0 2.190038469 34.24522027 NA
"722" 54.67653688 25.53937134 0 0 0 0 0.467099286 15.32346312 NA
"723" 57.98563671 158.1189541 0 0 0 0 2.726864153 12.01436329 NA
"724" 59.13783324 476.0117406 0 0 0 0 8.049191432 10.86216676 NA
"725" 26.53525727 55.86764331 0 0 0 0 2.105411782 43.46474273 NA
"726" 63.08091538 59.10063342 0 0 0 0 0.936901963 6.919084617 NA
"727" 41.56375949 280.6207372 0 0 0 0 6.751572539 28.43624051 NA
"728" 52.31618897 118.4902949 0 0 0 0 2.264887738 17.68381103 NA
"729" 41.55942057 339.4709562 0 0 0 0 8.16832746 28.44057943 NA
"730" 65.91600128 30.31918386 0 0 0 0 0.459966977 4.083998722 NA
"731" 62.78528914 161.672742 0 0 0 0 2.575009914 7.214710861 NA
"732" 42.7109464 31.51306247 0 0 0 0 0.737821686 27.2890536 NA
"733" 29.29963745 21.97831418 0 0 0 0 0.750122394 40.70036255 NA
"734" 44.56931287 72.37270914 0 0 0 0 1.623823759 25.43068713 NA
"735" 49.58571321 165.9109162 0 0 0 0 3.345941916 20.41428679 NA
"736" 68.35039029 178.8260824 0 0 0 0 2.616313991 1.649609709 NA
"737" 37.22444431 38.49314252 0 0 0 0 1.034082395 32.77555569 NA
"738" 34.19286606 73.90831225 0 0 0 0 2.161512642 35.80713394 NA
"739" 61.27970071 447.4989876 0 0 0 0 7.302564836 8.720299287 NA
"740" 68.83293809 354.9856632 0 0 0 0 5.157206319 1.167061913 NA
"741" 29.99615532 135.6795744 0 0 0 0 4.523232159 40.00384468 NA
"742" 41.34462525 39.13468835 0 0 0 0 0.946548387 28.65537475 NA
"743" 27.58145016 74.36648782 0 1 0 0 2.696250103 15.62587969 43.20732985
"744" 44.44301087 54.69415374 0 0 0 0 1.230658155 25.55698913 NA
"745" 34.94777661 116.0474718 0 0 0 0 3.320596702 35.05222339 NA
"746" 43.81020837 819.3470924 0 0 0 0 18.70219574 26.18979163 NA
"747" 53.81524895 36.28855372 0 0 0 0 0.674317306 16.18475105 NA
"748" 36.58566053 236.2564991 0 0 0 0 6.45762563 33.41433947 NA
"749" 47.3710167 19.69697875 0 0 0 0 0.415802322 22.6289833 NA
"750" 64.91480546 193.2467353 0 0 0 0 2.976928512 5.085194542 NA
"751" 31.58769397 61.79310457 0 0 0 0 1.956239813 38.41230603 NA
"752" 60.24884428 216.0299943 0 0 0 0 3.585628851 9.751155716 NA
"753" 67.6714876 62.8038584 0 0 0 0 0.928069718 2.328512399 NA
"754" 32.7298117 74.66603157 0 0 0 0 2.281285094 37.2701883 NA
"755" 39.82547299 101.9397146 0 0 0 0 2.559661116 30.17452701 NA
"756" 21.72027912 38.38553401 0 0 0 0 1.767267069 48.27972088 NA
"757" 20.45155867 12.73204131 0 0 0 0 0.622546258 49.54844133 NA
"758" 34.49792441 33.38354052 0 0 0 0 0.967697074 35.50207559 NA
"759" 54.85004827 337.632559 0 0 0 0 6.155556278 15.14995173 NA
"760" 60.56643937 78.502083 0 0 0 0 1.296131716 9.433560632 NA
"761" 29.34353605 55.29446686 0 0 0 0 1.884383217 40.65646395 NA
"762" 57.11280798 375.1371532 0 0 0 0 6.568354218 12.88719202 NA
"763" 49.40641798 269.7296632 0 0 0 0 5.459405363 20.59358202 NA
"764" 32.04974216 140.7796404 0 0 0 0 4.392535818 37.95025784 NA
"765" 31.56655436 96.3369059 0 0 0 0 3.051866377 38.43344564 NA
"766" 44.68491354 60.21962013 0 0 0 0 1.347649919 25.31508646 NA
"767" 30.99147408 9.918694529 0 0 0 0 0.32004591 39.00852592 NA
"768" 59.57759427 263.4437187 0 0 0 0 4.421858954 10.42240573 NA
"769" 62.74476953 257.2961885 0 0 0 0 4.100679474 7.255230471 NA
"770" 33.41578906 108.7757888 0 0 0 0 3.255221315 36.58421094 NA
"771" 65.15564437 160.4159464 0 0 0 0 2.462042207 4.84435563 NA
"772" 41.11890351 106.1552478 0 0 0 0 2.581665336 28.88109649 NA
"773" 12.61413441 47.45167168 0 0 1 0 3.761785798 6.219285622 18.83342003
"774" 39.07998676 82.32976263 0 0 0 0 2.106698836 30.92001324 NA
"775" 34.17501433 1075.869392 0 0 0 0 31.48116872 35.82498567 NA
"776" 47.83828694 130.3272124 0 0 0 0 2.724328581 22.16171306 NA
"777" 27.10221764 74.41784186 0 0 0 0 2.74582113 42.89778236 NA
"778" 47.12354668 104.6169985 0 0 0 0 2.220057823 22.87645332 NA
"779" 52.4778102 61.75426296 0 0 0 0 1.176769052 17.5221898 NA
"780" 23.34831298 34.58809306 0 0 0 0 1.481395812 46.65168702 NA
"781" 31.9858284 163.3595739 0 0 0 0 5.107248494 38.0141716 NA
"782" 49.39652078 90.36948111 0 0 0 0 1.829470572 20.60347922 NA
"783" 30.56259666 48.24637019 0 0 0 0 1.578608347 39.43740334 NA
"784" 31.80464395 466.5167316 0 0 0 0 14.66819538 38.19535605 NA
"785" 53.86244361 123.4494065 0 0 0 0 2.291938468 16.13755639 NA
"786" 53.61818895 2142.396678 0 1 0 0 39.95652819 7.541360939 61.15954989
"787" 45.98029779 543.6872391 0 0 0 0 11.82435228 24.01970221 NA
"788" 61.71608764 299.6953366 0 0 0 0 4.85603265 8.283912356 NA
"789" 33.38933986 129.9517478 0 0 0 0 3.89201309 36.61066014 NA
"790" 22.97391565 70.77488775 0 1 0 0 3.080662819 6.611257151 29.5851728
"791" 36.9156899 265.6929268 0 0 0 0 7.197290028 33.0843101 NA
"792" 40.47945363 7.511876042 0 0 0 0 0.185572565 29.52054637 NA
"793" 37.25885332 217.4518986 0 1 0 0 5.836247743 30.28773476 67.54658808
"794" 53.53746589 55.71657418 0 0 0 0 1.040702492 16.46253411 NA
"795" 38.08026212 386.3457942 0 0 0 0 10.14556552 31.91973788 NA
"796" 35.90536563 179.8612963 0 0 0 0 5.009315271 34.09463437 NA
"797" 28.09358715 135.0222521 0 0 0 0 4.806159193 41.90641285 NA
"798" 40.28759035 98.26578784 0 0 0 0 2.439108097 29.71240965 NA
"799" 29.13687901 78.7720944 0 0 0 0 2.703518602 40.86312099 NA
"800" 66.1780731 143.3760448 0 0 0 0 2.16651888 3.821926902 NA
"801" 27.05139999 85.8839106 0 0 0 0 3.174841621 42.94860001 NA
"802" 61.52294686 464.8879303 0 0 0 0 7.556333922 8.477053139 NA
"803" 56.78777368 376.2917108 0 0 0 0 6.626280384 13.21222632 NA
"804" 45.35888663 37.31753158 0 0 0 0 0.822717098 24.64111337 NA
"805" 23.53531046 230.1960536 0 0 0 0 9.780880265 46.46468954 NA
"806" 62.96680915 255.9121148 0 0 0 0 4.06423826 7.033190853 NA
"807" 42.79520112 66.87147074 0 0 0 0 1.562592744 27.20479888 NA
"808" 62.87120433 127.7226507 0 0 0 0 2.031496805 7.128795667 NA
"809" 53.53326099 244.6978128 0 0 0 0 4.57094913 16.46673901 NA
"810" 62.90769815 223.3189807 0 0 0 0 3.549946783 7.09230185 NA
"811" 63.88307069 593.2563575 0 0 0 0 9.286597389 6.116929313 NA
"812" 20.16721521 47.62424737 0 0 0 0 2.361468695 49.83278479 NA
"813" 20.32146209 155.700906 0 0 0 0 7.661894866 49.67853791 NA
"814" 55.16349327 197.6128959 0 0 0 0 3.582312942 14.83650673 NA
"815" 60.24944855 128.9520395 0 0 0 0 2.140302402 9.750551451 NA
"816" 51.55195457 264.1271502 0 0 0 0 5.123513792 18.44804543 NA
"817" 67.80276635 285.0418886 0 0 0 0 4.203986119 2.197233646 NA
"818" 43.48284004 87.17692226 0 0 0 0 2.004858058 26.51715996 NA
"819" 57.27866566 456.3941727 0 0 0 0 7.967960975 12.72133434 NA
"820" 62.87033767 56.88660561 0 0 0 0 0.904824242 7.129662333 NA
"821" 24.10473745 55.96158166 0 0 0 0 2.321600963 45.89526255 NA
"822" 42.55922174 335.3219258 0 0 0 0 7.878948723 27.44077826 NA
"823" 61.64933016 1170.12567 0 0 0 0 18.98034686 8.350669837 NA
"824" 48.64625622 130.6220429 0 0 0 0 2.685140709 21.35374378 NA
"825" 63.96007577 201.3129806 0 0 0 0 3.14747877 6.039924233 NA
"826" 37.3459595 145.6671386 0 0 0 0 3.900479211 32.6540405 NA
"827" 51.79339932 87.62178308 0 0 0 0 1.691755788 18.20660068 NA
"828" 62.50173391 280.6899391 0 0 0 0 4.490914436 7.498266094 NA
"829" 44.57388465 141.5730909 0 0 0 0 3.176144328 25.42611535 NA
"830" 32.09381602 304.171244 0 0 0 0 9.477565515 37.90618398 NA
"831" 43.61337906 271.1542952 0 0 0 0 6.217227398 26.38662094 NA
"832" 44.3353441 30.9643126 0 0 0 0 0.698411464 25.6646559 NA
"833" 59.53212592 105.3922338 0 0 0 0 1.770342183 10.46787408 NA
"834" 49.75280728 556.0578032 0 0 0 0 11.17641061 20.24719272 NA
"835" 69.49836663 535.82438 0 0 0 0 7.709884504 0.501633366 NA
"836" 44.22440603 802.7730716 0 0 0 0 18.15226351 25.77559397 NA
"837" 25.98363811 207.4718921 0 0 0 0 7.984712966 44.01636189 NA
"838" 24.30593619 66.63652281 0 0 0 0 2.741574005 45.69406381 NA
"839" 40.16165813 21.06375975 0 0 0 0 0.524474355 29.83834187 NA
"840" 65.27626975 102.7987872 0 0 0 0 1.574826313 4.723730253 NA
"841" 65.67210723 38.5679941 0 0 0 0 0.587281202 4.327892768 NA
"842" 65.82211517 334.0213034 0 0 0 0 5.074606042 4.177884827 NA
"843" 50.0712215 45.59634814 0 0 0 0 0.910629834 19.9287785 NA
"844" 27.43178817 75.96985403 0 0 0 0 2.769409473 42.56821183 NA
"845" 33.86936385 49.50447181 0 0 0 0 1.461629809 36.13063615 NA
"846" 52.74877762 77.85144293 0 0 0 0 1.475890939 17.25122238 NA
"847" 59.01363709 71.82578499 0 0 0 0 1.217104868 10.98636291 NA
"848" 27.05842396 69.61278001 0 0 0 0 2.572684208 42.94157604 NA
"849" 36.37508792 102.6966617 0 0 0 0 2.823269098 33.62491208 NA
"850" 66.93302035 192.784462 0 0 0 0 2.880259415 3.066979651 NA
"851" 26.3018315 70.82544649 0 0 0 0 2.692795233 43.6981685 NA
"852" 55.29737256 152.8705866 0 0 0 0 2.764518086 14.70262744 NA
"853" 54.81903401 132.3537047 0 0 0 0 2.41437499 15.18096599 NA
"854" 41.93439187 468.7754341 0 0 0 1 11.17878222 27.60987908 69.54427095
"855" 60.39086459 221.8230062 0 0 0 0 3.673121883 9.609135415 NA
"856" 27.00882704 53.76744451 0 0 0 0 1.990736008 42.99117296 NA
"857" 21.64883118 119.3393982 0 0 0 0 5.512509992 48.35116882 NA
"858" 40.62176229 267.8284279 0 0 0 0 6.593225229 29.37823771 NA
"859" 31.08491706 17.4656387 0 0 0 0 0.561868596 38.91508294 NA
"860" 52.69172388 267.1736522 0 0 0 0 5.070505053 17.30827612 NA
"861" 39.26482442 89.26200728 0 0 0 0 2.273332648 30.73517558 NA
"862" 48.60666028 44.41052214 0 0 0 0 0.91367154 21.39333972 NA
"863" 23.06928164 98.44288745 0 0 0 0 4.267271474 46.93071836 NA
"864" 50.521263 58.36827011 0 0 0 0 1.155320882 19.478737 NA
"865" 34.20318666 64.19283603 0 0 0 0 1.876808634 35.79681334 NA
"866" 38.89728225 1052.290155 0 0 0 0 27.05305085 31.10271775 NA
"867" 66.19808714 355.5596665 0 0 0 0 5.371147141 3.801912861 NA
"868" 57.35863803 187.1593691 0 0 0 0 3.262967453 12.64136197 NA
"869" 22.61592843 35.81364904 0 0 0 0 1.583558648 47.38407157 NA
"870" 64.60792956 127.6719485 0 0 0 0 1.976103388 5.392070441 NA
"871" 53.50094709 180.7083517 0 0 0 0 3.377666405 16.49905291 NA
"872" 24.0824131 281.1734163 0 0 0 0 11.67546687 45.9175869 NA
"873" 44.43370173 145.307677 0 0 0 0 3.270213179 25.56629827 NA
"874" 30.15243503 294.3348854 0 0 0 0 9.761562709 39.84756497 NA
"875" 21.78593877 114.5323955 0 0 0 0 5.257170543 48.21406123 NA
"876" 62.79966124 203.0862509 0 0 0 0 3.233874944 7.200338761 NA
"877" 56.0826458 68.90604468 0 0 0 0 1.228651817 13.9173542 NA
"878" 54.7989488 271.6706578 0 0 0 0 4.957588854 15.2010512 NA
"879" 33.99890856 338.0858418 0 0 0 0 9.944020443 36.00109144 NA
"880" 47.60515771 36.26201633 0 0 0 0 0.761724529 22.39484229 NA
"881" 63.23698526 358.3444151 0 0 0 0 5.666690365 6.763014745 NA
"882" 35.69606375 113.4414546 0 0 0 0 3.177982183 34.30393625 NA
"883" 61.34571888 1331.505511 0 0 0 0 21.70494592 8.654281124 NA
"884" 52.06941182 191.8696783 0 0 0 0 3.684882768 17.93058818 NA
"885" 34.33509551 232.4201658 0 0 0 0 6.76917196 35.66490449 NA
"886" 59.15524539 134.7956462 0 0 0 0 2.278676139 10.84475461 NA
"887" 32.62029972 73.46285253 0 0 0 0 2.252059398 37.37970028 NA
"888" 38.05540585 16.85547119 0 0 0 0 0.442919234 31.94459415 NA
"889" 33.52322601 55.14388553 0 0 0 0 1.644945672 36.47677399 NA
"890" 39.12960171 92.44955073 0 0 0 0 2.362649929 30.87039829 NA
"891" 45.78721752 314.5235814 0 0 0 0 6.869244267 24.21278248 NA
"892" 65.19574457 170.6236944 0 0 0 0 2.61709864 4.804255429 NA
"893" 36.86398675 158.4641303 0 0 0 0 4.298616193 33.13601325 NA
"894" 39.64409653 227.8330551 0 0 1 0 5.746960457 0.454980903 40.09907744
"895" 31.85877206 631.5037101 0 0 0 0 19.8219727 38.14122794 NA
"896" 50.86195028 106.5971009 0 0 0 0 2.095812298 19.13804972 NA
"897" 34.00024461 71.14770502 0 0 0 0 2.092564505 35.99975539 NA
"898" 40.16331799 144.9325393 0 0 0 0 3.608579833 29.83668201 NA
"899" 61.33949579 602.8594079 0 0 0 0 9.828241985 8.66050421 NA
"900" 46.63364718 76.40583421 0 0 0 0 1.638427162 23.36635282 NA
"901" 31.03825736 39.79244141 0 0 0 0 1.28204496 38.96174264 NA
"902" 60.95472202 83.60638399 0 0 0 0 1.371614556 9.045277978 NA
"903" 22.46347629 43.49648719 0 0 0 0 1.936320391 47.53652371 NA
"904" 63.02380794 1930.439647 0 0 0 0 30.63032385 6.97619206 NA
"905" 20.38233934 21.19952807 0 0 0 0 1.04009298 49.61766066 NA
"906" 63.73964572 169.2751758 0 0 0 0 2.655728219 6.260354281 NA
"907" 55.82661941 290.0207815 0 0 0 0 5.195026756 14.17338059 NA
"908" 44.79043587 52.99747563 0 0 0 0 1.183231969 25.20956413 NA
"909" 21.24324836 208.9531083 0 0 0 0 9.836212652 48.75675164 NA
"910" 56.13010581 617.9146085 0 0 0 0 11.00861293 13.86989419 NA
"911" 22.56496128 69.33647335 0 0 0 0 3.072749494 47.43503872 NA
"912" 53.08779718 243.2389527 0 0 0 0 4.581824179 16.91220282 NA
"913" 46.40655858 572.604588 0 0 0 0 12.33887204 23.59344142 NA
"914" 28.25393246 202.1958737 0 0 0 0 7.156379876 41.74606754 NA
"915" 55.33202747 52.12374278 0 0 0 0 0.942017583 14.66797253 NA
"916" 20.94283889 91.57118017 0 0 0 0 4.372433969 49.05716111 NA
"917" 53.35970381 234.2000637 0 0 0 0 4.38908103 16.64029619 NA
"918" 44.13009994 47.11749433 0 0 0 0 1.067695165 25.86990006 NA
"919" 65.89159494 311.1027837 0 0 0 0 4.7214335 4.108405055 NA
"920" 59.17031374 312.897083 0 0 0 0 5.288075443 10.82968626 NA
"921" 41.11396774 51.04561834 0 0 0 0 1.241563905 28.88603226 NA
"922" 27.30110887 138.6302482 0 0 0 0 5.07782482 42.69889113 NA
"923" 60.98018911 134.7739166 0 0 0 0 2.210126249 9.019810893 NA
"924" 4.427646113 6.761679465 0 0 1 0 1.527149933 44.38480937 48.81245549
"925" 37.04668371 104.9191611 0 0 0 0 2.832079706 32.95331629 NA
"926" 67.61819881 123.4218846 0 0 0 0 1.825276136 2.381801186 NA
"927" 0.570273836 2.273292067 0 0 1 0 3.986316616 7.021576178 7.591850014
"928" 25.99902145 28.26822671 0 0 0 0 1.08728041 44.00097855 NA
"929" 55.1739548 36.62145819 0 0 0 0 0.663745391 14.8260452 NA
"930" 49.62103927 276.762696 0 0 0 0 5.577527195 20.37896073 NA
"931" 41.01770592 74.29253563 0 0 0 0 1.811230881 28.98229408 NA
"932" 56.76920487 164.030856 0 0 0 0 2.889433741 13.23079513 NA
"933" 47.9610482 286.8669703 0 0 0 0 5.981248973 22.0389518 NA
"934" 34.34654581 73.4733908 0 0 0 0 2.139178455 35.65345419 NA
"935" 49.37288746 377.9433618 0 0 0 0 7.654876618 20.62711254 NA
"936" 6.800025403 22.42227374 0 0 1 0 3.297380878 19.47270912 26.27273453
"937" 58.66769547 74.0472956 0 0 0 0 1.262147678 11.33230453 NA
"938" 68.49062556 794.6228613 0 0 0 0 11.6019215 1.509374438 NA
"939" 51.63030491 62.99263884 0 0 0 0 1.220071021 18.36969509 NA
"940" 46.29767869 138.2742564 0 0 0 0 2.986634758 23.70232131 NA
"941" 49.0752613 1287.61463 0 0 0 0 26.23755016 20.9247387 NA
"942" 53.9372065 659.0651841 0 0 0 0 12.21911973 16.0627935 NA
"943" 2.562420533 20.16405755 0 0 1 0 7.869144541 14.45703887 17.0194594
"944" 42.26704572 185.9005945 0 0 0 0 4.398239607 27.73295428 NA
"945" 61.31239181 40.70220416 0 0 0 0 0.663849557 8.687608188 NA
"946" 69.85299009 999.9716486 0 0 0 0 14.31537358 0.147009909 NA
"947" 25.75653238 68.10296944 0 0 0 0 2.644104743 44.24346762 NA
"948" 24.0649742 60.18685513 0 0 0 0 2.501014737 45.9350258 NA
"949" 23.25893681 26.2036024 0 0 0 0 1.12660362 46.74106319 NA
"950" 43.02597751 113.1812016 0 0 0 0 2.630531788 26.97402249 NA
"951" 39.41209027 165.5178409 0 0 0 0 4.19967172 30.58790973 NA
"952" 65.16252649 212.4541287 0 0 0 0 3.260372796 4.837473505 NA
"953" 20.58217539 46.78644281 0 0 0 0 2.273153441 49.41782461 NA
"954" 40.86463954 386.0799946 1 0 0 0 9.44777683 27.01723713 67.88187667
"955" 33.87802147 57.11348155 0 0 0 0 1.685856466 36.12197853 NA
"956" 20.49685837 70.9826233 0 0 0 0 3.463097711 49.50314163 NA
"957" 50.72542695 831.7140879 0 0 0 0 16.39639404 19.27457305 NA
"958" 36.31106471 86.27261365 0 0 0 0 2.375931809 33.68893529 NA
"959" 33.88283946 355.6700552 0 0 0 0 10.49705576 36.11716054 NA
"960" 60.29065493 135.4231666 0 0 0 0 2.246171762 9.709345072 NA
"961" 31.32104131 491.99346 0 1 0 0 15.7080812 34.92647592 66.24751723
"962" 41.04158478 262.2348684 0 0 0 0 6.389491776 28.95841522 NA
"963" 30.80066939 46.04827388 0 0 0 0 1.495041335 39.19933061 NA
"964" 20.71433608 58.1906877 0 0 0 0 2.809198783 49.28566392 NA
"965" 26.15978051 159.156461 0 0 0 0 6.084013623 43.84021949 NA
"966" 40.33835257 122.9104073 0 0 0 0 3.046986291 29.66164743 NA
"967" 48.05616478 55.99192579 0 0 0 0 1.16513513 21.94383522 NA
"968" 52.45387851 56.91654043 0 0 0 0 1.085077825 17.54612149 NA
"969" 21.06042559 40.01216394 0 0 0 0 1.899874424 48.93957441 NA
"970" 0.12641857 0.183220379 0 0 1 0 1.449315393 29.23506715 29.36148572
"971" 46.6414986 161.879826 0 0 0 0 3.470725231 23.3585014 NA
"972" 44.50728273 22.45025827 0 0 0 0 0.504417634 25.49271727 NA
"973" 45.07667635 22.45799229 0 0 0 0 0.498217573 24.92332365 NA
"974" 53.54833985 258.1291482 0 0 0 0 4.820488346 16.45166015 NA
"975" 28.88676605 191.2133517 0 0 0 0 6.619410127 41.11323395 NA
"976" 61.25650804 117.2606105 0 0 0 0 1.914255549 8.743491955 NA
"977" 37.80081235 30.69605371 0 0 0 0 0.812047461 32.19918765 NA
"978" 48.52937344 236.2074651 0 0 0 0 4.867309186 21.47062656 NA
"979" 55.34275368 182.0278168 0 0 0 0 3.28909938 14.65724632 NA
"980" 22.06130428 40.90954159 0 0 0 0 1.854357344 47.93869572 NA
"981" 67.74753422 297.6086789 0 0 0 0 4.392907909 2.252465778 NA
"982" 32.18155113 151.1304429 0 0 0 0 4.696182675 37.81844887 NA
"983" 51.61489615 324.4711874 0 0 0 0 6.286386519 18.38510385 NA
"984" 52.4529088 17.49222454 0 0 0 0 0.333484357 17.5470912 NA
"985" 39.7175885 238.5266937 0 0 0 0 6.005568383 30.2824115 NA
"986" 22.89889042 60.00063171 0 0 0 0 2.620241881 47.10110958 NA
